200 200
3.78 6.51 4.57 1.86 5.08 0.71 2.39 7.86 5.82 7.94 4.62 0.44 1.43 8.75 8.25 3.93 7.14 7.68 6.09 7.53 3.00 5.68 7.24 1.77 4.21 1.86 6.37 5.39 8.91 1.68 7.30 1.40 3.04 4.36 3.07 2.26 3.23 8.74 4.36 0.02 7.31 3.17 4.44 5.29 1.01 4.15 0.10 7.01 5.43 8.62 5.42 1.04 6.71 5.35 6.90 8.95 1.03 3.09 0.77 1.30 2.74 5.38 4.94 6.18 4.45 5.65 6.16 7.68 6.61 2.16 8.87 2.10 6.74 1.13 0.81 1.61 7.79 5.07 3.31 3.24 7.03 8.48 2.00 8.48 0.72 4.02 3.29 8.72 0.71 4.80 5.53 7.01 3.35 0.30 7.08 1.27 3.56 1.14 7.75 1.57 3.85 8.53 7.47 8.98 2.83 5.00 7.37 7.41 4.73 3.39 3.58 2.44 1.35 2.20 6.00 4.12 0.75 0.33 2.96 2.89 0.95 6.57 4.43 7.57 4.00 4.38 8.51 3.05 4.38 4.62 4.44 6.55 7.45 3.72 0.30 6.57 8.98 4.64 2.30 6.65 5.69 1.61 6.60 3.98 3.36 6.75 8.38 0.73 6.96 3.46 8.86 8.74 1.31 5.47 8.65 3.90 8.73 0.48 0.92 1.18 1.56 8.17 3.93 6.94 3.32 5.27 4.37 6.46 6.91 0.66 0.53 2.69 0.16 4.11 1.14 5.95 1.12 2.68 2.48 0.48 3.23 4.32 3.04 8.43 5.29 8.00 8.68 8.65 0.85 1.00 6.11 2.98 1.01 3.46 7.11 0.66 3.23 2.61 7.24 3.92
6.51 6.75 0.67 5.64 3.05 2.80 6.32 2.19 7.52 8.27 4.92 5.43 2.61 0.34 8.43 3.48 8.54 0.40 2.70 2.63 0.45 3.76 6.03 6.92 5.99 3.99 1.77 2.47 8.19 8.92 5.44 5.23 0.59 0.17 0.84 1.03 6.19 1.33 4.09 8.83 5.54 2.10 8.45 3.33 5.83 0.00 0.56 6.13 2.91 1.49 0.14 8.34 3.72 4.54 7.25 1.71 1.83 4.62 8.23 8.45 1.87 0.07 0.97 7.52 0.95 7.41 4.67 2.59 5.11 3.06 4.02 5.34 1.23 7.90 3.79 7.58 6.55 0.93 6.73 0.90 2.65 2.11 3.22 7.89 7.22 6.59 5.20 8.74 2.12 1.11 3.64 1.01 2.66 5.38 0.36 3.41 0.17 7.11 2.19 7.03 4.28 1.10 2.89 3.64 8.27 6.83 2.55 3.61 0.10 5.03 5.21 8.19 8.00 4.45 7.64 0.34 7.16 2.97 6.09 1.87 8.35 2.42 7.47 4.62 2.63 3.63 6.60 4.83 2.44 6.32 8.54 7.12 5.84 5.44 7.16 1.20 0.89 1.73 7.66 2.54 0.03 7.98 1.62 6.65 2.52 3.46 2.35 4.91 8.71 8.52 7.97 0.27 5.13 1.70 6.01 7.67 3.19 3.71 6.56 4.44 5.56 0.62 3.92 3.91 1.58 4.28 2.02 0.89 4.34 7.18 6.79 0.30 1.83 8.07 7.43 2.52 3.89 1.34 6.07 1.05 0.07 1.87 8.18 4.22 3.10 0.11 6.41 1.65 3.91 6.36 1.55 5.64 3.35 2.96 6.39 3.88 3.29 5.27 1.62 0.29
4.57 0.67 5.31 8.07 0.58 7.25 6.06 2.94 0.37 4.93 6.78 3.20 8.06 6.49 6.78 4.23 0.73 3.01 6.04 5.31 8.47 1.43 1.24 5.47 8.62 1.28 1.84 4.52 6.13 0.11 4.03 0.09 6.87 7.18 1.00 4.47 6.86 1.71 8.68 7.29 5.69 7.02 7.55 0.88 0.15 8.92 0.70 3.50 2.09 8.03 3.27 0.69 5.86 5.79 3.31 5.05 8.11 5.65 3.05 2.50 3.99 6.27 0.56 3.26 2.19 0.22 2.52 7.29 3.75 4.53 5.43 0.33 3.09 7.75 7.94 0.78 7.41 5.60 6.21 6.37 0.82 8.46 1.16 0.53 7.27 2.54 3.31 6.46 0.89 0.43 2.80 3.33 2.87 8.22 4.69 7.88 3.61 7.69 4.86 4.46 0.69 4.00 3.79 7.57 6.46 7.32 6.31 5.38 4.74 8.94 1.09 8.82 5.33 6.17 3.24 8.24 0.15 1.87 1.81 8.22 7.59 8.35 5.66 5.39 3.09 2.62 7.21 8.73 4.96 8.39 4.56 4.23 8.79 6.34 2.44 2.02 5.42 1.45 7.71 1.32 7.17 3.26 8.53 7.48 3.79 6.40 6.83 3.81 4.71 0.80 7.74 1.66 1.24 5.32 1.89 4.16 2.08 5.58 5.83 0.05 0.47 5.44 4.56 6.15 4.89 4.30 3.67 2.14 0.70 0.91 5.97 4.46 4.71 6.39 2.28 0.61 1.93 1.97 5.77 8.97 7.00 4.57 8.41 3.22 7.70 7.93 8.98 6.89 3.55 8.39 0.30 4.35 2.62 5.55 8.18 6.24 0.90 4.30 4.91 6.13
1.86 5.64 8.07 3.71 5.59 5.58 8.91 0.53 1.37 3.18 6.56 0.16 7.50 4.02 7.64 5.96 4.98 1.51 4.59 2.82 6.57 6.96 6.24 8.38 1.90 8.33 3.15 5.13 8.43 2.20 1.68 1.65 7.86 3.80 0.02 6.63 0.78 2.21 6.57 6.54 5.88 4.73 0.26 7.62 1.97 5.18 6.75 6.79 0.77 8.21 4.78 6.00 8.51 0.89 7.34 1.62 8.51 7.71 3.94 3.66 7.27 1.62 4.15 1.36 8.75 8.26 0.64 1.65 6.54 8.37 6.91 4.25 3.83 6.19 3.97 0.76 7.77 1.51 6.65 6.90 1.62 1.52 7.33 8.19 6.94 5.05 5.84 1.23 4.38 6.62 7.75 5.27 7.79 3.07 7.28 5.72 1.19 3.56 3.95 1.35 0.27 4.81 3.85 3.31 0.39 2.34 1.24 2.08 2.25 3.94 0.28 1.63 5.61 1.76 3.02 7.76 4.18 0.44 5.56 1.41 0.24 3.60 5.36 8.32 6.01 0.57 2.83 8.18 6.81 4.51 2.85 4.49 0.59 7.68 8.22 7.42 5.32 1.43 8.69 4.33 3.20 1.46 6.31 2.29 8.68 3.57 3.54 6.78 2.67 8.71 6.52 5.86 7.72 4.53 6.00 4.55 4.39 1.20 2.92 7.81 6.95 8.58 3.67 4.53 5.78 6.96 2.47 0.06 8.69 0.91 1.54 3.50 5.21 3.37 5.95 7.29 6.13 6.19 6.76 7.91 5.18 8.48 0.17 0.47 4.43 7.96 8.01 8.86 1.30 3.17 2.04 5.42 6.91 2.05 8.60 7.16 6.67 2.85 4.55 3.95
5.08 3.05 0.58 5.59 6.30 0.41 1.25 5.49 0.18 6.40 5.93 8.77 1.80 0.93 6.09 7.99 7.79 8.02 2.33 4.99 4.62 4.73 8.78 2.19 4.35 0.78 8.92 5.72 6.95 3.26 8.17 7.75 8.30 4.01 8.47 3.84 0.06 4.67 5.63 4.82 7.56 1.48 6.57 8.70 8.06 3.89 1.31 3.46 6.13 7.98 7.91 2.60 1.57 5.32 2.60 5.71 2.72 8.13 1.54 3.53 3.02 8.32 0.76 3.54 0.32 8.51 8.92 1.01 6.53 6.50 5.77 0.25 1.25 8.26 7.77 3.85 6.36 1.48 4.83 7.20 2.21 3.54 3.61 3.17 3.19 4.93 6.08 6.77 1.43 1.74 3.12 7.74 1.95 8.04 1.32 0.71 7.02 2.49 0.06 5.35 3.48 5.88 2.27 0.54 4.71 0.23 6.97 3.41 6.87 1.60 0.83 3.35 6.38 7.80 1.92 3.81 8.05 2.14 6.67 4.71 2.64 0.78 7.93 1.51 5.00 1.15 8.05 1.40 8.87 1.96 8.59 2.37 4.73 0.03 7.93 0.10 2.90 3.82 5.74 2.99 1.02 6.03 2.49 1.90 3.92 7.75 6.18 0.81 2.39 2.48 7.94 4.03 8.58 8.35 1.47 6.36 6.35 4.10 2.01 0.94 2.51 5.04 1.27 5.63 0.98 8.84 0.09 4.20 5.84 7.70 4.94 0.11 3.42 7.35 4.98 3.22 8.36 5.67 1.00 6.41 5.20 1.04 3.42 6.69 2.79 2.67 1.84 8.31 5.17 2.58 0.81 3.40 7.91 4.20 3.08 8.02 0.54 1.94 7.06 1.81
0.71 2.80 7.25 5.58 0.41 7.98 7.61 8.93 6.88 7.11 0.47 8.63 6.40 8.30 3.78 7.93 7.71 8.41 0.89 6.16 5.15 0.53 0.63 1.76 5.28 1.93 7.53 6.99 8.28 8.43 0.39 6.78 8.66 2.66 3.19 7.54 0.62 4.47 4.40 7.16 5.33 2.63 1.69 2.93 6.01 4.21 0.50 4.24 1.20 0.07 7.32 0.28 5.99 7.66 4.06 0.22 3.18 7.97 6.18 6.95 4.15 3.91 4.68 1.02 2.94 4.50 5.97 6.91 5.09 6.54 2.98 1.64 3.34 5.90 1.72 4.02 2.09 8.46 5.20 6.79 8.93 4.35 6.22 7.57 3.68 5.58 6.54 5.23 4.62 6.61 0.31 2.51 3.36 8.70 8.96 7.27 4.26 8.26 6.87 3.94 8.55 7.04 7.38 4.16 5.31 0.49 7.41 7.05 0.97 4.32 7.63 7.04 0.05 6.32 8.57 3.98 1.70 7.47 0.39 6.21 5.35 4.18 5.41 1.34 3.28 2.11 5.59 2.27 6.66 5.55 7.87 5.30 0.69 5.34 7.01 1.72 3.40 1.61 8.15 4.39 3.80 8.47 1.49 8.60 0.96 4.41 6.73 8.63 3.84 3.45 2.25 3.38 5.17 0.77 6.28 2.49 6.08 8.96 8.35 7.09 7.71 5.96 2.58 4.94 6.03 7.70 1.46 5.42 3.57 7.53 3.45 6.80 6.51 3.98 1.74 3.20 6.11 3.59 5.14 6.24 3.70 4.45 5.59 5.87 1.49 8.39 8.65 0.06 0.12 2.15 1.51 5.97 3.41 9.00 8.21 7.33 5.77 0.26 6.22 0.68
2.39 6.32 6.06 8.91 1.25 7.61 8.23 7.67 7.51 2.28 6.29 3.43 4.92 4.57 0.24 4.63 4.21 6.32 6.15 0.45 6.60 2.17 3.40 3.67 5.43 5.18 8.80 4.73 2.36 5.01 1.45 3.52 1.90 6.65 1.09 8.71 7.78 5.28 3.86 4.91 6.23 1.81 7.35 8.80 3.94 0.28 4.82 2.94 6.79 6.67 4.00 8.81 3.66 7.22 5.15 3.02 0.94 7.51 0.15 1.14 5.18 0.67 0.65 7.76 6.74 3.49 3.80 4.87 7.26 5.43 5.65 1.62 1.39 6.47 7.85 8.94 7.98 5.30 8.69 1.94 6.62 5.53 3.08 1.09 5.51 5.81 8.61 5.19 0.82 7.11 4.38 6.38 2.04 4.06 1.52 2.72 3.70 4.07 2.92 3.46 6.81 7.11 1.49 6.48 5.25 1.32 1.42 4.04 3.77 3.15 2.52 2.47 1.16 0.04 0.38 1.07 7.73 7.22 4.88 4.39 8.91 5.84 8.52 5.73 4.20 4.90 5.36 6.31 5.26 7.68 5.23 6.39 5.97 1.97 2.52 1.62 5.22 0.64 6.16 6.02 7.14 8.95 8.01 5.36 7.87 2.19 7.35 4.22 7.96 7.63 3.44 5.64 8.75 0.14 7.99 5.93 8.85 8.13 5.72 5.59 5.05 1.28 2.98 4.07 2.22 8.65 5.18 2.27 5.53 0.17 3.20 0.10 4.67 5.89 6.39 2.58 8.51 5.08 4.34 1.47 1.94 1.57 5.43 6.06 0.62 4.21 8.61 1.18 1.75 0.87 7.03 1.62 2.39 3.96 8.27 3.06 4.25 2.46 7.12 3.40
7.86 2.19 2.94 0.53 5.49 8.93 7.67 1.10 4.12 4.00 7.85 4.94 5.13 6.67 3.25 2.07 1.44 6.58 6.45 0.35 2.59 5.97 2.74 7.64 3.88 1.59 0.16 8.13 7.74 0.28 7.39 2.23 7.44 6.51 3.17 6.91 1.37 7.61 4.90 3.65 5.28 1.09 6.52 1.41 5.86 7.97 5.74 4.01 7.71 2.18 8.58 6.07 6.46 5.75 8.32 1.77 1.34 6.02 8.47 2.62 7.54 4.09 8.13 8.91 4.56 1.85 6.77 1.59 4.77 2.10 8.77 0.50 2.15 7.98 5.60 0.39 5.11 7.79 6.59 5.94 1.04 0.29 8.13 7.46 4.88 5.44 1.29 7.06 2.33 5.32 6.52 4.70 6.13 4.49 7.99 1.22 5.69 7.60 0.01 3.26 2.03 1.57 8.78 0.84 7.93 2.28 4.98 6.92 2.91 7.34 0.58 8.89 0.06 1.29 5.02 6.55 4.10 1.29 8.09 7.51 2.91 4.43 5.91 8.69 1.38 4.00 5.21 6.35 4.89 5.05 3.41 2.37 5.44 5.74 5.18 7.02 7.02 2.70 0.07 5.00 7.07 3.00 0.90 5.86 5.72 1.26 8.17 7.60 6.87 5.39 6.61 4.08 7.04 4.22 7.95 7.15 8.79 5.65 5.04 4.81 7.64 2.24 8.24 4.66 8.36 4.14 8.22 7.21 3.84 0.21 2.86 1.32 0.02 8.00 8.76 8.93 6.38 5.97 8.36 3.97 4.94 4.58 6.47 5.87 0.15 7.84 6.99 3.55 0.21 8.32 3.71 0.64 3.85 6.95 1.75 2.81 3.05 7.76 6.25 4.65
5.82 7.52 0.37 1.37 0.18 6.88 7.51 4.12 8.85 8.87 0.61 5.85 5.53 2.25 8.34 2.35 7.12 0.63 3.01 8.63 8.14 4.08 7.79 8.37 4.37 0.89 4.01 4.91 5.23 2.31 3.81 6.62 6.31 1.84 8.73 2.85 6.13 1.09 0.00 3.03 8.68 1.26 6.36 1.69 5.76 0.48 6.17 6.27 0.29 0.22 1.87 8.02 0.03 4.30 8.49 2.41 7.01 6.09 8.30 3.11 8.48 2.69 4.10 2.13 8.02 6.21 7.35 7.43 7.24 4.33 8.13 1.18 5.84 5.64 1.19 8.86 0.77 8.91 2.26 3.03 7.50 5.57 3.95 8.84 8.64 6.19 0.78 5.54 2.23 3.35 0.82 7.84 5.09 2.60 0.70 3.83 2.33 8.69 6.94 3.82 7.11 5.92 3.49 6.55 7.05 5.66 1.87 0.75 3.99 0.30 8.42 1.14 2.68 3.10 6.00 2.63 2.20 7.53 1.82 8.49 5.70 1.18 5.72 6.45 3.78 6.79 4.92 6.34 5.92 5.65 3.97 1.00 2.94 8.72 6.39 1.57 6.90 7.34 1.86 6.96 3.78 8.77 6.78 8.20 0.89 4.05 3.98 8.87 3.17 6.04 8.46 5.06 0.20 3.15 6.99 4.70 1.76 3.81 1.21 2.08 0.81 5.13 7.63 7.05 0.39 7.60 7.39 1.66 8.56 6.52 0.67 0.86 5.58 2.88 6.77 8.84 1.53 8.23 7.08 1.00 1.25 7.54 2.86 3.95 4.06 0.58 2.21 6.06 8.65 1.84 3.31 8.25 8.33 4.71 8.22 2.84 3.34 3.00 0.74 1.41
7.94 8.27 4.93 3.18 6.40 7.11 2.28 4.00 8.87 3.39 5.31 5.81 0.33 6.58 4.39 0.10 3.52 1.62 3.40 5.53 1.83 7.59 9.00 6.19 5.66 5.15 3.85 3.55 1.12 4.20 5.73 6.66 5.97 7.10 4.28 0.01 3.28 7.53 6.38 6.01 6.17 2.43 0.79 5.12 0.79 7.52 1.43 5.02 0.68 8.97 5.85 1.29 5.68 7.01 0.25 3.20 8.89 1.58 8.38 8.44 6.38 1.54 6.91 3.88 5.52 6.89 5.54 6.27 7.00 4.71 2.55 0.11 5.49 3.88 1.59 6.01 7.38 2.29 4.01 4.42 2.51 3.77 5.06 6.35 1.72 2.93 6.87 2.58 8.68 6.02 6.14 3.51 8.13 2.79 8.77 3.41 7.69 1.35 6.50 4.96 6.90 1.34 8.68 5.76 8.66 3.16 1.86 4.32 2.57 3.91 4.65 7.19 0.96 2.80 0.20 6.80 8.63 5.85 8.15 8.50 2.78 5.78 5.92 5.27 6.25 3.22 7.46 7.66 7.09 0.34 0.01 8.21 4.55 2.83 8.74 4.06 3.74 3.53 3.79 4.68 3.14 3.49 3.75 3.24 5.23 3.77 0.05 2.94 2.79 1.24 7.86 2.17 2.90 2.32 6.53 3.58 3.14 7.82 7.49 2.82 0.18 3.92 2.77 7.75 2.25 6.21 5.08 7.47 5.43 0.84 6.05 7.98 7.23 2.98 0.65 8.84 7.80 2.80 7.10 3.94 4.32 3.63 5.47 0.39 3.82 4.53 7.59 8.03 7.44 8.78 7.63 3.72 2.58 3.28 0.51 5.04 7.67 7.24 3.57 3.92
4.62 4.92 6.78 6.56 5.93 0.47 6.29 7.85 0.61 5.31 6.79 8.04 6.16 2.39 7.51 1.73 7.99 8.43 8.65 0.16 1.70 2.75 8.06 4.66 4.23 0.72 8.74 3.97 8.65 2.29 6.97 1.11 5.46 8.33 7.81 0.03 7.68 2.64 5.06 0.43 5.30 7.22 8.47 0.15 3.16 2.12 5.32 8.14 7.51 7.64 2.37 4.09 8.87 2.60 8.61 3.08 8.04 2.06 6.89 0.23 3.22 7.56 3.58 0.09 6.04 6.40 6.48 5.29 8.26 4.91 6.20 1.06 8.59 7.90 4.12 6.76 1.17 4.47 0.57 5.80 6.45 7.16 1.87 3.15 5.15 5.00 0.83 6.68 5.80 7.76 8.98 3.65 0.39 0.03 8.42 4.08 3.78 2.18 6.27 6.58 4.23 2.01 3.85 1.19 7.50 7.56 4.84 3.82 1.27 4.74 5.46 0.06 1.80 7.95 5.52 8.81 3.77 7.07 8.83 7.79 3.71 5.46 6.90 1.95 2.85 6.29 5.15 4.51 8.00 4.66 0.12 0.80 3.81 1.02 7.47 5.76 5.31 2.82 3.06 7.74 4.27 5.94 3.58 8.90 3.64 6.81 0.87 0.95 1.91 8.07 3.62 2.44 8.46 8.96 4.49 5.59 4.21 5.93 0.80 0.46 2.03 2.39 1.00 3.21 1.49 4.09 0.44 5.74 2.23 2.20 6.05 4.14 3.74 0.53 0.09 7.38 4.36 4.95 6.42 2.67 0.25 0.44 0.55 6.42 1.01 3.69 3.94 8.20 1.26 6.34 0.36 4.95 6.00 4.83 8.52 5.55 8.87 6.52 3.99 0.96
0.44 5.43 3.20 0.16 8.77 8.63 3.43 4.94 5.85 5.81 8.04 1.61 6.67 3.64 1.49 5.80 3.79 5.84 7.04 1.57 0.47 1.96 7.69 7.43 6.25 7.89 1.85 6.65 0.71 0.97 3.51 4.87 3.29 2.31 7.09 6.76 8.74 5.01 7.45 1.28 1.30 1.08 4.43 2.73 0.66 1.61 1.33 0.99 2.71 4.97 8.50 7.97 8.82 1.89 2.99 0.37 1.31 4.69 1.65 2.67 6.23 4.87 5.71 3.25 5.87 1.17 5.06 0.18 2.55 6.41 8.22 5.18 1.00 5.58 2.74 1.99 5.53 1.06 1.74 6.43 0.62 4.39 0.58 5.84 0.43 2.49 4.00 6.63 0.35 8.24 1.16 0.21 7.03 0.59 5.49 2.41 8.93 2.12 7.48 8.48 3.55 0.64 6.25 3.64 8.72 2.57 3.76 2.78 2.00 4.02 2.11 0.59 3.63 6.41 7.73 1.07 6.29 2.01 0.46 5.84 4.65 3.40 5.13 0.76 4.66 7.84 5.20 3.45 4.56 7.29 8.20 1.05 4.81 1.47 7.09 4.25 0.62 4.19 0.72 5.18 2.71 0.48 0.99 6.14 8.16 2.82 7.64 5.91 6.52 7.03 6.86 6.63 3.36 3.13 1.88 7.77 1.02 4.08 8.62 6.40 8.23 5.72 3.37 4.88 8.11 1.76 7.21 8.08 7.41 0.01 6.84 3.01 5.08 4.29 0.27 2.44 0.93 3.36 0.48 0.17 5.22 8.35 0.48 5.06 5.74 5.10 8.90 4.20 2.19 0.78 1.47 0.72 2.93 7.50 3.48 0.06 2.93 4.43 3.92 6.21
1.43 2.61 8.06 7.50 1.80 6.40 4.92 5.13 5.53 0.33 6.16 6.67 6.39 2.67 6.68 3.80 5.56 5.40 1.44 8.53 6.01 0.26 4.78 2.85 6.70 6.01 2.88 2.52 4.07 1.18 4.33 3.66 8.30 4.45 3.52 0.99 8.60 1.55 4.96 3.62 1.13 8.56 8.20 3.91 7.86 4.42 6.40 2.98 0.29 8.72 6.76 2.49 2.09 8.08 2.14 2.42 6.91 8.76 1.55 0.49 2.12 7.77 0.71 2.70 7.01 2.15 8.43 1.97 0.90 0.35 2.36 8.17 8.49 3.74 2.18 6.72 3.70 0.98 2.84 0.13 8.67 7.49 2.64 2.30 7.12 8.27 2.47 1.22 1.44 5.98 7.43 2.66 4.66 4.10 7.60 7.85 3.14 3.47 2.37 2.31 1.65 1.74 1.47 1.88 8.94 6.29 0.21 1.18 0.53 6.44 3.60 5.50 4.59 3.91 1.03 2.76 7.26 2.53 5.35 0.72 3.43 0.67 7.45 0.03 4.25 4.47 7.98 4.32 2.63 2.65 8.45 5.45 5.25 5.24 2.98 5.79 6.01 0.95 8.06 8.38 8.30 2.34 4.75 5.45 5.53 3.34 2.10 3.27 4.93 5.25 6.27 3.69 5.29 4.83 0.89 6.24 8.37 6.60 5.24 7.41 3.52 4.49 5.05 6.24 0.01 5.93 2.87 3.88 1.91 7.44 4.26 5.30 5.73 5.47 6.53 8.45 1.08 2.88 8.69 4.46 0.83 5.49 2.02 7.93 0.94 6.20 8.61 8.48 7.64 5.45 4.41 5.96 4.26 8.38 0.43 0.50 4.18 7.40 1.88 7.31
8.75 0.34 6.49 4.02 0.93 8.30 4.57 6.67 2.25 6.58 2.39 3.64 2.67 6.50 4.19 8.71 6.15 8.43 8.62 3.33 4.95 0.69 2.54 6.48 2.03 7.25 8.50 8.86 4.42 3.11 5.32 1.79 7.50 6.34 2.00 6.41 5.94 6.01 3.74 4.51 3.66 2.51 0.77 1.18 4.87 7.24 0.28 6.13 4.74 6.09 6.32 0.42 3.81 3.52 5.11 3.19 5.74 1.66 3.77 4.17 3.84 3.48 4.13 5.57 3.44 7.50 4.17 6.75 1.64 5.80 4.56 8.16 6.39 4.26 5.68 6.09 2.09 3.65 5.40 3.70 8.95 0.17 8.36 8.54 6.91 5.82 2.90 4.18 5.35 2.02 4.18 7.42 1.21 7.43 1.90 1.87 3.68 6.82 8.31 4.13 6.03 5.76 2.00 1.33 4.36 3.23 4.68 7.69 2.86 2.23 1.27 8.77 7.05 5.36 1.84 0.07 7.95 7.19 7.30 2.83 0.08 1.76 2.70 8.20 3.24 7.82 5.61 3.81 8.86 4.04 7.92 8.25 2.76 0.02 7.80 2.18 5.20 0.77 4.90 5.66 3.79 0.86 7.13 2.80 1.58 5.18 8.16 0.93 2.64 1.59 6.98 6.53 5.27 8.82 7.42 7.79 2.94 5.62 5.15 2.24 7.18 1.72 4.90 4.93 2.13 2.63 3.87 7.87 2.74 1.34 8.01 4.14 4.00 0.63 2.20 8.80 3.07 8.32 7.39 7.09 5.50 3.60 5.08 6.47 8.64 1.78 8.16 0.38 4.10 3.82 8.87 5.49 7.82 6.51 4.19 6.38 7.29 8.64 1.44 2.69
8.25 8.43 6.78 7.64 6.09 3.78 0.24 3.25 8.34 4.39 7.51 1.49 6.68 4.19 4.92 5.29 4.11 2.72 5.77 1.46 6.85 0.01 5.77 8.86 5.00 4.24 7.64 8.15 5.22 3.77 2.29 3.67 2.07 7.94 0.22 7.79 7.86 7.32 0.65 6.78 6.48 2.01 1.50 1.52 6.19 5.35 3.27 7.26 3.27 2.35 0.85 0.47 6.17 8.87 6.59 1.24 1.02 7.41 2.40 6.23 6.10 5.84 7.32 2.53 1.05 7.33 6.26 0.33 4.90 4.26 4.41 3.78 4.49 2.49 4.96 8.29 7.94 3.45 6.43 6.92 0.19 4.14 5.65 6.15 6.80 8.33 2.83 8.46 7.58 0.80 3.33 4.82 8.14 1.62 4.25 1.33 6.38 4.30 1.90 5.94 3.51 1.39 3.28 8.56 6.54 4.84 7.34 3.20 1.57 0.14 6.10 8.45 3.97 1.27 8.55 7.93 2.77 4.67 4.02 0.38 6.01 0.01 1.51 0.62 4.12 2.70 6.80 6.26 3.22 0.37 4.35 7.81 6.19 3.13 2.06 6.39 3.97 4.91 2.63 7.86 2.31 2.47 5.00 8.79 2.06 8.67 7.48 7.90 3.67 4.20 3.51 2.76 6.84 3.23 8.20 4.82 3.67 3.49 3.41 4.94 2.40 6.02 1.80 9.00 7.56 3.68 8.82 3.19 7.68 6.65 4.53 8.48 2.99 4.33 2.86 6.32 6.07 2.34 3.94 0.59 7.34 3.63 5.80 7.63 7.26 1.37 5.51 8.07 3.75 6.30 2.27 8.44 0.23 0.79 5.82 0.23 0.78 0.80 0.47 5.60
3.93 3.48 4.23 5.96 7.99 7.93 4.63 2.07 2.35 0.10 1.73 5.80 3.80 8.71 5.29 6.51 2.92 8.04 0.66 1.77 3.73 6.87 5.77 7.96 4.41 2.17 7.94 8.64 6.42 5.29 2.02 1.81 2.15 8.31 3.83 4.40 2.67 4.93 6.29 1.77 5.78 8.69 4.68 3.11 0.18 4.95 2.68 6.88 8.04 2.52 1.94 8.90 6.49 2.67 0.41 6.43 3.46 6.79 3.91 2.89 8.10 6.27 7.52 3.02 7.56 8.34 8.83 3.23 7.49 2.18 6.36 6.35 1.95 7.44 0.86 4.25 8.74 6.11 1.11 2.50 1.73 3.52 1.11 0.12 2.66 3.22 4.58 1.15 1.97 7.37 8.28 5.74 7.57 7.48 3.06 3.74 1.56 3.97 0.58 0.21 6.48 8.90 5.31 3.21 5.72 5.17 6.42 3.18 8.57 3.76 4.62 5.00 8.72 3.06 3.44 1.18 2.94 3.43 2.53 2.14 3.69 7.52 5.47 4.20 5.23 7.43 8.04 7.95 1.49 1.63 5.83 8.83 7.79 3.64 2.92 3.84 7.56 7.64 6.85 8.75 1.19 0.55 3.22 0.57 0.26 4.61 2.33 8.87 8.41 4.63 3.19 7.24 5.65 2.78 2.86 7.58 8.16 4.05 4.39 0.30 3.06 3.50 6.78 8.67 8.14 5.73 4.85 0.03 6.70 1.96 0.66 2.10 5.01 7.77 8.01 2.01 8.03 6.83 0.33 4.09 4.63 4.35 1.04 2.93 3.15 7.18 5.18 4.54 0.16 6.07 3.56 4.37 0.34 6.57 6.30 0.83 1.76 5.97 1.70 3.73
7.14 8.54 0.73 4.98 7.79 7.71 4.21 1.44 7.12 3.52 7.99 3.79 5.56 6.15 4.11 2.92 3.68 4.17 8.88 3.99 5.30 2.85 2.34 3.80 7.96 5.73 4.03 3.85 4.95 1.39 1.07 5.15 1.22 3.50 8.86 4.17 1.03 1.67 2.59 8.86 1.36 3.90 4.75 6.20 8.24 5.41 0.74 8.33 8.52 3.46 5.18 8.32 3.35 2.48 5.64 0.71 7.40 5.34 5.13 0.97 0.10 2.72 6.95 5.97 5.54 3.68 3.60 0.97 0.04 3.89 6.09 4.35 5.47 1.77 0.57 0.07 0.78 0.55 4.55 3.02 1.51 4.90 5.64 0.63 5.73 4.35 0.22 1.53 6.46 7.81 0.30 7.31 2.11 8.88 8.07 1.91 4.60 1.98 5.04 4.45 4.47 2.75 8.08 4.90 5.61 0.74 2.94 3.17 5.25 7.98 3.74 0.93 4.25 1.60 5.90 6.12 2.51 8.71 4.31 0.54 4.43 7.86 1.16 1.08 7.51 6.87 2.51 5.23 6.99 2.89 3.33 0.75 6.83 5.78 1.03 0.68 8.17 8.23 5.88 1.23 0.71 4.59 3.66 0.32 0.88 4.80 1.27 6.74 0.58 1.08 6.98 7.18 8.51 0.13 2.82 4.09 6.38 2.19 8.83 4.54 8.39 4.26 0.11 4.83 6.55 3.47 2.95 2.45 1.57 4.09 2.79 7.49 5.47 5.70 2.11 1.74 6.40 7.54 4.42 2.27 2.17 8.64 5.70 0.67 0.55 1.89 5.48 6.85 7.97 4.46 2.86 1.78 4.08 7.15 0.09 4.30 2.10 8.22 3.74 7.21
7.68 0.40 3.01 1.51 8.02 8.41 6.32 6.58 0.63 1.62 8.43 5.84 5.40 8.43 2.72 8.04 4.17 3.81 3.84 2.69 5.11 0.33 1.27 6.64 5.82 0.67 2.65 1.85 4.09 7.74 5.15 2.72 3.90 1.50 8.32 8.01 5.64 2.31 2.13 7.58 1.51 8.42 2.19 4.21 5.24 0.73 5.50 7.67 5.22 8.56 0.91 1.92 5.96 6.90 8.32 8.58 6.11 4.09 6.54 1.51 4.86 7.02 8.23 7.33 8.65 5.10 4.11 0.05 5.59 6.35 5.56 3.16 2.22 4.47 8.59 3.71 8.75 0.76 7.66 5.94 3.69 7.16 7.54 6.22 6.51 8.34 3.40 5.67 5.74 7.34 5.30 4.35 2.65 0.40 2.18 5.34 2.89 1.34 3.51 1.30 4.09 7.67 1.02 1.90 5.33 5.68 6.75 1.48 2.59 6.08 6.49 7.45 8.79 8.58 7.64 6.71 3.23 6.09 2.23 7.02 6.53 6.94 5.41 1.23 8.54 5.63 4.68 6.10 7.51 1.89 1.79 3.37 5.75 3.04 8.47 2.77 7.72 4.76 3.89 8.58 6.58 2.68 8.13 6.37 7.87 5.48 7.44 4.66 2.74 0.40 2.04 7.00 4.45 5.95 1.71 4.97 1.86 8.48 0.20 0.29 4.09 7.82 3.75 4.54 1.07 1.70 8.20 6.57 4.09 7.82 7.66 0.42 4.19 7.35 5.75 2.46 0.15 6.50 3.61 8.49 6.45 1.97 3.94 3.36 2.17 2.24 2.52 5.06 5.05 3.10 2.06 3.27 3.50 9.00 0.06 1.27 5.37 8.26 8.72 2.96
6.09 2.70 6.04 4.59 2.33 0.89 6.15 6.45 3.01 3.40 8.65 7.04 1.44 8.62 5.77 0.66 8.88 3.84 1.78 4.77 7.65 1.55 8.76 2.29 5.93 6.57 6.08 8.05 7.49 7.35 7.73 3.01 7.04 5.23 4.62 2.53 8.85 7.39 1.84 2.37 7.89 6.80 6.55 7.89 0.07 8.08 0.03 0.17 6.30 5.41 8.45 7.02 4.10 6.31 7.87 5.14 3.36 7.36 8.79 8.87 0.89 7.34 8.04 9.00 4.99 0.18 0.59 7.11 1.63 5.86 0.33 0.72 7.89 6.53 8.19 7.94 3.05 3.29 5.59 6.60 0.99 7.87 5.08 5.86 2.11 2.74 1.47 1.09 0.87 1.52 7.55 1.25 5.37 0.62 2.81 4.10 2.87 3.21 6.81 4.34 7.72 4.16 6.19 3.33 3.48 4.53 3.20 8.86 8.54 0.78 3.83 5.67 0.29 7.74 7.86 8.72 5.09 1.71 7.45 6.81 5.49 6.09 0.29 3.21 8.95 4.45 1.28 7.66 5.74 8.97 5.81 0.26 5.56 3.75 7.16 8.18 4.25 5.12 6.49 5.39 2.45 6.10 6.20 0.03 0.66 6.17 4.89 3.20 7.66 0.83 6.43 8.53 0.71 1.65 6.43 8.94 7.33 7.16 7.34 3.70 4.78 2.31 0.29 5.97 8.19 2.90 7.56 7.33 6.08 6.20 6.00 1.18 4.46 0.41 1.42 1.38 2.03 5.75 4.91 0.28 2.26 3.76 3.72 3.16 1.47 7.66 0.07 0.43 8.45 2.08 2.89 3.17 8.89 6.03 5.15 3.08 8.84 2.58 3.31 8.41
7.53 2.63 5.31 2.82 4.99 6.16 0.45 0.35 8.63 5.53 0.16 1.57 8.53 3.33 1.46 1.77 3.99 2.69 4.77 3.14 6.34 5.14 0.61 3.19 0.75 3.18 8.66 1.57 6.94 4.74 8.05 6.23 2.93 1.84 4.83 1.34 6.20 5.60 5.48 4.59 3.54 3.16 5.02 7.15 2.16 6.89 8.31 0.92 2.88 3.21 0.90 2.54 1.18 4.28 7.54 2.39 2.07 2.72 6.31 4.13 5.00 5.81 6.32 4.77 5.13 0.26 8.24 8.49 4.14 6.81 8.11 0.12 3.06 3.89 8.37 2.00 4.69 5.60 6.12 3.67 6.80 1.37 3.44 1.82 2.64 1.15 6.46 7.36 0.45 8.88 6.79 7.97 2.11 5.56 3.07 7.45 8.78 2.28 8.38 0.97 7.93 0.56 8.30 6.11 6.18 6.71 8.84 2.71 3.38 0.53 4.12 3.55 6.17 0.04 3.10 7.52 6.28 3.16 6.61 5.05 1.34 2.44 2.29 2.04 7.91 7.75 1.45 5.90 3.27 6.85 1.58 1.17 2.15 1.44 8.24 5.73 6.85 8.37 7.18 4.03 2.73 1.41 3.87 0.28 7.57 0.90 4.36 0.04 7.80 2.98 8.55 7.64 0.06 5.09 5.29 6.50 8.15 4.76 8.78 3.42 0.21 4.17 5.22 7.25 2.98 6.55 3.81 1.98 4.75 0.38 2.81 2.87 7.16 0.38 5.41 6.68 2.18 3.80 7.92 1.86 0.03 4.61 7.95 0.26 0.42 4.22 5.59 0.83 9.00 4.64 2.34 7.17 3.89 0.66 4.45 2.05 3.14 5.87 0.96 8.86
3.00 0.45 8.47 6.57 4.62 5.15 6.60 2.59 8.14 1.83 1.70 0.47 6.01 4.95 6.85 3.73 5.30 5.11 7.65 6.34 0.15 5.41 0.80 8.52 6.11 2.01 8.01 2.93 6.00 2.79 7.65 0.01 3.33 6.90 5.32 5.96 2.31 5.69 7.52 4.31 5.24 5.69 4.03 0.54 1.15 6.10 1.41 6.70 8.76 5.98 5.86 2.25 6.31 6.97 6.83 1.20 0.41 7.59 7.43 8.70 6.93 4.91 3.46 4.13 7.13 3.68 2.01 8.02 3.56 8.49 0.81 2.27 3.54 8.23 0.65 3.74 6.96 5.28 7.87 2.56 8.95 1.02 8.97 1.36 7.24 3.28 0.79 0.16 4.90 1.06 2.59 6.02 2.06 8.68 4.25 2.09 1.75 7.20 5.47 0.46 0.04 1.73 3.69 6.19 4.89 5.71 7.13 6.85 5.81 4.62 0.56 7.72 8.47 4.64 7.13 1.95 5.08 5.10 8.18 5.41 7.37 1.05 7.68 5.04 8.16 0.42 1.04 8.25 0.53 6.79 4.86 7.10 3.14 6.37 3.38 3.14 4.49 8.83 2.30 0.44 1.87 7.30 2.56 2.08 6.43 7.31 6.24 8.00 2.69 6.25 5.58 1.33 5.87 6.31 5.93 2.35 5.36 7.33 7.21 5.67 3.55 3.91 1.70 0.63 4.05 8.94 5.60 4.96 1.45 6.61 2.66 5.42 1.71 3.33 6.09 6.67 6.74 0.44 6.03 3.19 2.27 6.10 6.29 6.47 7.01 4.61 6.11 7.92 2.63 8.65 1.25 2.22 7.01 0.69 1.76 4.73 1.42 2.36 2.50 5.97
5.68 3.76 1.43 6.96 4.73 0.53 2.17 5.97 4.08 7.59 2.75 1.96 0.26 0.69 0.01 6.87 2.85 0.33 1.55 5.14 5.41 6.82 4.84 2.83 3.69 4.19 7.57 0.07 3.05 7.64 8.13 5.37 6.25 2.85 1.34 2.91 1.24 2.98 0.67 8.20 2.51 4.02 3.84 2.30 4.78 6.01 3.93 8.64 7.79 0.31 5.03 4.21 0.38 3.90 2.02 2.94 7.53 8.95 7.38 3.72 8.72 4.09 2.42 5.71 7.32 3.11 6.82 8.52 7.29 1.25 8.94 1.89 5.52 6.88 7.13 8.46 1.66 8.60 4.18 2.97 7.66 5.51 0.46 4.81 7.77 1.25 0.57 3.31 5.01 7.99 7.30 8.40 1.86 3.73 7.99 4.75 7.70 0.58 4.83 6.25 8.29 0.97 6.85 7.11 6.99 1.11 2.33 5.25 0.53 4.63 3.11 7.74 4.12 4.06 8.87 2.67 3.47 0.77 2.09 3.08 7.77 6.69 2.78 7.53 4.14 1.62 6.37 6.92 7.29 6.96 6.94 6.18 8.08 0.40 6.20 0.26 3.25 8.80 0.71 2.46 8.94 2.23 0.71 8.69 4.48 6.61 6.51 3.31 2.71 2.76 2.70 4.67 0.91 8.24 3.77 0.31 6.12 0.70 8.30 4.68 3.24 8.98 1.06 2.92 2.86 5.87 5.03 1.23 4.99 8.45 6.62 5.45 2.20 7.28 4.75 0.88 4.61 7.46 3.04 4.71 0.45 0.94 1.64 1.76 5.23 8.54 3.69 4.45 7.46 2.66 5.78 3.91 8.27 0.76 4.53 4.39 0.81 2.12 7.55 3.36
7.24 6.03 1.24 6.24 8.78 0.63 3.40 2.74 7.79 9.00 8.06 7.69 4.78 2.54 5.77 5.77 2.34 1.27 8.76 0.61 0.80 4.84 2.86 5.98 2.35 6.59 5.92 3.07 2.36 6.52 5.40 5.02 0.89 2.22 5.03 8.93 8.50 2.29 2.69 7.04 5.54 7.81 8.52 6.69 8.57 0.31 8.70 6.79 5.62 6.56 1.01 3.06 2.12 5.84 4.92 3.35 3.58 6.81 2.29 4.02 4.50 5.93 8.86 0.61 4.72 1.45 6.37 6.28 0.15 7.86 6.53 7.15 7.08 6.90 1.51 7.05 2.11 8.83 4.90 3.10 5.73 8.24 7.78 1.44 7.73 2.04 6.67 4.43 7.45 3.43 1.36 2.02 5.37 1.12 0.42 3.01 5.28 8.55 0.17 3.55 2.25 1.46 8.08 4.53 5.84 2.64 1.11 5.32 4.39 1.34 1.92 7.58 2.81 0.35 3.90 6.50 3.35 5.39 4.41 2.81 6.18 5.92 4.68 3.12 4.46 8.12 6.21 6.24 1.74 3.26 8.19 8.12 2.08 8.83 5.06 0.03 2.41 6.71 5.02 7.74 0.43 0.95 1.68 6.54 3.58 8.54 5.16 2.64 5.60 6.63 3.49 7.76 7.44 4.04 0.27 6.67 3.17 7.64 3.92 3.49 6.13 4.89 8.69 4.15 3.04 0.71 4.48 6.23 4.30 1.32 2.50 3.96 3.36 8.28 2.55 1.64 1.56 5.93 6.61 6.93 5.48 5.23 6.74 4.38 3.23 1.20 0.66 0.04 1.30 5.86 6.14 8.37 8.69 5.46 2.21 5.09 7.07 8.32 6.17 8.02
1.77 6.92 5.47 8.38 2.19 1.76 3.67 7.64 8.37 6.19 4.66 7.43 2.85 6.48 8.86 7.96 3.80 6.64 2.29 3.19 8.52 2.83 5.98 7.55 2.28 7.03 6.56 5.54 6.44 8.41 7.20 0.41 1.68 5.08 1.50 1.82 7.45 0.96 5.84 1.04 4.44 0.62 3.20 6.20 3.21 6.95 7.77 4.35 0.87 4.25 4.89 1.09 8.67 7.28 4.76 0.25 2.24 4.80 6.92 6.89 1.27 1.22 0.27 3.70 3.29 2.61 5.66 4.25 2.41 4.54 5.36 2.20 7.92 2.69 7.54 5.55 6.32 5.05 0.66 2.63 4.74 0.76 3.83 6.42 5.88 1.54 7.12 8.44 4.14 4.94 0.50 4.00 8.55 5.06 7.32 7.53 8.38 9.00 0.87 0.29 6.00 5.43 7.67 6.72 7.01 0.25 6.58 3.19 8.17 6.99 7.82 4.61 0.45 8.29 3.03 5.56 7.30 7.62 1.21 4.91 3.84 0.92 0.61 7.89 5.94 4.07 0.63 7.77 6.56 8.95 7.51 4.92 6.57 5.40 2.83 4.98 2.53 7.53 7.79 6.11 4.65 6.27 4.43 8.32 8.04 1.66 3.87 3.99 4.89 7.52 1.29 7.59 7.84 1.31 7.57 6.53 1.46 2.44 6.68 3.49 7.99 6.15 7.59 4.17 6.98 5.41 3.30 1.29 7.71 0.66 2.45 6.91 7.84 6.69 3.10 3.67 2.85 8.82 7.10 6.97 3.48 3.07 4.43 2.78 1.78 8.39 4.01 4.10 1.26 4.50 3.46 2.66 5.30 8.00 6.17 6.85 3.90 6.62 6.90 2.44
4.21 5.99 8.62 1.90 4.35 5.28 5.43 3.88 4.37 5.66 4.23 6.25 6.70 2.03 5.00 4.41 7.96 5.82 5.93 0.75 6.11 3.69 2.35 2.28 0.63 3.96 1.16 4.57 3.28 6.66 6.52 1.81 7.16 4.42 0.97 7.11 5.91 7.92 5.94 0.13 3.93 5.79 3.35 6.50 0.79 6.59 8.50 3.56 5.30 8.99 5.16 8.42 5.23 6.08 0.33 8.12 4.29 8.68 6.79 3.21 5.27 2.58 4.01 7.89 8.31 4.77 8.56 2.55 0.68 4.30 2.89 2.24 2.40 7.13 1.60 5.90 1.46 7.49 5.56 3.64 3.25 7.51 6.47 7.12 8.02 6.61 1.75 3.57 8.87 7.07 2.41 8.47 6.98 5.21 7.06 6.87 6.82 5.72 5.27 2.69 7.27 1.15 2.85 8.50 3.22 4.79 8.39 2.95 1.28 7.56 6.13 3.22 3.54 7.45 2.42 6.49 4.20 0.35 7.63 5.38 7.80 0.87 1.64 5.89 5.82 8.41 7.45 3.34 2.54 6.93 7.12 6.80 3.69 5.09 5.20 7.36 5.68 3.69 3.43 8.02 8.70 3.91 1.92 8.88 8.12 6.08 1.60 2.48 1.67 2.07 0.20 6.81 5.36 6.48 2.90 7.06 0.16 0.06 4.07 0.42 8.29 7.54 2.12 4.66 5.78 5.94 5.91 1.52 8.20 6.84 1.57 0.25 1.80 4.00 1.89 4.56 7.13 8.45 6.63 3.76 7.22 3.32 2.70 6.68 6.98 8.87 8.83 6.89 5.84 8.42 4.11 7.66 7.72 5.91 4.17 3.45 0.87 2.39 7.20 3.16
1.86 3.99 1.28 8.33 0.78 1.93 5.18 1.59 0.89 5.15 0.72 7.89 6.01 7.25 4.24 2.17 5.73 0.67 6.57 3.18 2.01 4.19 6.59 7.03 3.96 6.44 6.14 7.60 0.09 0.71 3.24 8.25 6.54 5.55 5.40 4.53 8.67 4.98 6.47 3.09 8.06 2.08 6.03 8.21 1.05 2.58 5.39 8.96 5.79 5.38 7.90 0.00 2.73 1.21 0.02 7.49 3.70 2.01 0.10 8.47 3.13 2.72 6.72 0.41 0.59 5.37 8.60 1.86 6.18 0.78 2.43 7.21 0.85 0.14 0.24 2.73 6.96 7.36 0.11 2.64 3.55 4.89 7.78 1.93 6.36 4.90 0.10 7.59 1.37 0.89 1.45 5.19 8.72 7.00 0.00 3.81 5.52 7.67 1.44 8.00 3.27 5.06 3.15 7.06 2.98 0.97 6.77 6.08 0.73 2.33 4.32 5.75 5.78 7.30 7.50 6.98 0.53 6.03 6.43 8.80 7.66 2.43 1.48 5.34 2.99 2.49 4.04 6.84 3.60 3.53 3.73 2.24 1.48 5.75 2.66 2.15 3.96 1.18 4.50 5.56 5.71 7.14 4.66 1.77 1.81 7.46 2.02 1.21 5.17 0.66 5.93 5.94 0.18 1.53 6.77 4.49 4.32 3.92 5.83 8.37 1.78 6.33 0.83 2.52 2.86 2.53 5.63 1.86 2.63 8.31 3.63 7.65 0.84 6.45 5.35 0.01 3.38 5.28 7.51 0.15 1.11 0.55 1.71 1.08 0.58 6.23 6.89 3.05 3.11 0.09 4.45 8.47 4.09 7.91 3.10 6.27 8.75 5.72 4.81 0.72
6.37 1.77 1.84 3.15 8.92 7.53 8.80 0.16 4.01 3.85 8.74 1.85 2.88 8.50 7.64 7.94 4.03 2.65 6.08 8.66 8.01 7.57 5.92 6.56 1.16 6.14 1.25 6.46 3.32 7.53 8.55 0.66 4.78 7.77 7.54 4.19 0.83 2.42 0.87 4.40 6.61 4.36 7.61 8.40 0.21 6.16 8.92 5.59 2.80 2.63 4.82 8.67 5.96 2.30 6.42 4.72 6.28 3.22 1.22 7.06 6.27 8.55 0.59 3.34 3.70 4.32 3.89 7.32 0.62 4.45 4.32 0.81 6.87 0.94 7.25 5.72 6.47 4.40 1.39 6.64 2.98 1.87 5.29 3.13 4.25 4.21 1.77 2.23 5.53 0.98 3.31 1.48 7.37 6.51 7.66 7.00 8.10 4.53 4.95 5.61 6.38 1.15 5.60 5.43 5.16 2.80 5.34 4.65 0.53 8.96 6.59 4.84 3.26 6.90 7.11 5.92 0.45 0.72 7.93 0.79 5.63 8.13 6.39 5.24 5.05 3.32 4.10 5.11 1.83 6.26 3.11 0.87 0.81 2.57 8.04 3.82 7.52 0.36 1.92 4.62 4.74 6.52 7.82 2.04 5.35 2.20 8.90 1.83 5.82 6.87 3.68 7.51 7.85 7.43 8.40 4.48 1.66 2.10 1.12 4.52 6.42 0.66 8.10 0.07 7.76 8.01 2.58 0.46 7.74 2.64 3.79 4.81 2.26 6.09 5.37 8.81 6.31 6.18 7.47 6.19 4.51 4.74 7.11 1.01 4.35 4.59 4.82 4.43 0.63 3.03 5.27 1.94 5.35 0.11 1.97 5.14 7.64 2.26 1.15 4.46
5.39 2.47 4.52 5.13 5.72 6.99 4.73 8.13 4.91 3.55 3.97 6.65 2.52 8.86 8.15 8.64 3.85 1.85 8.05 1.57 2.93 0.07 3.07 5.54 4.57 7.60 6.46 2.97 2.64 7.87 4.01 5.24 7.68 0.63 7.98 3.61 6.34 0.99 7.76 0.72 3.21 2.75 6.28 0.80 0.59 7.26 1.17 2.81 2.07 1.70 1.56 4.04 4.91 6.81 4.20 5.63 5.32 3.34 6.01 2.68 4.65 1.76 8.95 2.07 7.23 0.06 4.31 0.71 8.41 4.65 4.48 3.54 2.82 8.95 3.67 3.18 3.01 1.59 4.79 7.54 2.08 1.80 5.70 8.72 1.75 1.71 8.36 6.48 3.19 6.09 4.51 1.09 1.25 7.84 0.62 6.54 8.54 4.58 6.37 5.73 6.13 5.27 3.75 5.63 8.14 0.99 5.86 4.13 6.60 7.07 6.62 3.28 5.21 4.10 7.48 5.62 0.85 0.34 8.06 6.61 4.80 8.27 1.47 5.58 1.68 6.98 7.68 0.06 4.64 2.70 6.17 6.41 2.83 6.67 6.42 8.32 6.99 6.05 7.10 5.43 2.75 8.29 7.78 8.12 8.74 8.40 5.83 2.71 4.76 8.62 0.73 8.57 8.72 4.21 0.24 3.27 8.42 3.47 8.77 0.27 0.17 7.43 6.49 5.86 3.56 7.14 2.22 3.40 8.88 4.51 7.40 5.85 3.65 4.46 6.17 8.04 1.37 1.92 8.33 7.40 5.26 0.56 4.98 5.00 3.12 5.82 3.84 7.37 1.89 3.95 1.35 6.18 8.65 4.35 0.44 5.14 0.64 6.81 4.73 1.78
8.91 8.19 6.13 8.43 6.95 8.28 2.36 7.74 5.23 1.12 8.65 0.71 4.07 4.42 5.22 6.42 4.95 4.09 7.49 6.94 6.00 3.05 2.36 6.44 3.28 0.09 3.32 2.64 2.82 1.11 2.80 5.81 8.78 3.45 4.79 2.37 0.86 3.46 6.28 7.81 1.87 3.43 3.83 2.40 4.22 4.83 4.80 0.40 7.60 2.63 8.92 2.63 2.04 8.93 5.64 1.41 6.06 7.23 6.71 7.06 4.41 5.79 2.16 6.21 1.99 0.56 1.55 3.31 7.52 8.28 7.01 7.98 6.61 5.96 4.49 4.57 6.55 3.68 7.98 2.42 2.00 2.77 4.95 3.37 2.24 4.16 8.69 4.36 8.49 8.16 6.56 6.80 0.47 7.88 2.06 7.34 2.77 3.28 8.42 7.04 2.49 3.26 5.07 2.22 3.89 5.60 1.16 6.46 6.56 8.21 5.21 5.96 6.70 2.70 3.01 6.33 7.75 5.51 0.68 4.82 2.79 3.65 4.25 2.41 4.75 8.58 6.66 7.14 8.67 5.61 6.59 7.06 4.55 1.81 1.82 8.94 4.21 2.45 4.30 2.96 0.68 1.63 7.71 1.78 3.32 7.28 0.63 4.53 1.25 4.26 0.31 1.21 3.48 2.21 7.84 4.12 2.96 2.60 7.43 0.39 7.27 3.11 4.27 8.66 8.40 6.69 2.59 3.30 3.54 1.19 5.13 8.07 3.60 7.85 6.00 5.13 6.09 7.25 8.73 3.25 3.90 6.29 4.76 8.46 6.91 4.43 0.12 5.18 1.85 0.35 0.86 6.39 8.03 8.91 6.58 1.04 1.72 6.39 3.68 0.39
1.68 8.92 0.11 2.20 3.26 8.43 5.01 0.28 2.31 4.20 2.29 0.97 1.18 3.11 3.77 5.29 1.39 7.74 7.35 4.74 2.79 7.64 6.52 8.41 6.66 0.71 7.53 7.87 1.11 4.77 3.66 4.95 5.39 7.88 3.41 0.03 7.83 0.58 1.06 3.75 3.81 3.62 3.27 5.28 0.76 7.65 6.72 0.24 4.09 5.30 4.07 8.65 4.49 4.70 7.77 0.28 4.12 3.31 2.46 0.95 6.60 0.48 6.51 3.96 5.56 0.48 1.84 3.82 4.71 0.20 7.47 1.10 1.57 7.93 7.17 6.46 1.57 6.77 4.69 7.64 1.16 2.20 1.61 5.39 8.25 1.36 4.18 4.10 2.59 1.45 2.23 2.36 6.32 4.88 5.13 7.65 4.61 0.65 5.68 6.00 6.18 0.09 4.95 7.88 4.85 6.24 7.71 6.54 4.37 8.88 1.91 6.94 2.36 1.75 4.71 5.77 2.49 1.09 3.60 5.80 6.64 3.39 7.13 7.52 4.45 2.01 5.58 6.29 0.53 1.97 3.78 6.23 8.62 5.17 7.97 4.43 3.99 3.19 4.33 6.43 2.78 8.89 4.34 0.01 3.16 4.84 4.98 8.65 0.91 1.74 3.21 7.71 4.23 1.46 8.84 2.78 1.28 5.92 6.02 2.33 6.20 5.60 6.14 6.71 1.08 7.64 4.87 3.63 5.17 8.18 7.70 6.74 0.70 8.19 3.10 1.61 1.57 0.46 8.79 4.14 2.21 2.41 2.81 2.03 4.08 4.36 3.28 8.03 2.15 7.39 4.10 8.09 1.54 2.50 8.05 2.75 8.55 1.33 2.67 5.32
7.30 5.44 4.03 1.68 8.17 0.39 1.45 7.39 3.81 5.73 6.97 3.51 4.33 5.32 2.29 2.02 1.07 5.15 7.73 8.05 7.65 8.13 5.40 7.20 6.52 3.24 8.55 4.01 2.80 3.66 5.54 4.42 4.27 3.33 0.71 4.44 6.34 7.19 5.59 4.34 3.13 1.39 2.85 7.07 6.42 8.90 6.38 7.78 4.98 3.08 6.31 7.20 1.29 1.78 0.46 3.19 6.32 8.54 5.10 6.71 8.15 4.61 1.25 4.77 3.36 2.62 1.09 8.19 6.46 1.32 3.42 6.96 8.27 7.19 4.28 5.13 5.83 8.90 8.64 5.66 2.43 0.22 1.93 3.39 8.00 7.83 7.10 4.86 3.98 7.94 2.57 5.03 6.92 0.01 5.82 1.39 8.73 1.96 7.37 0.85 3.13 6.59 6.47 5.63 5.89 7.43 6.50 3.71 2.62 6.02 1.78 4.05 2.28 8.13 2.27 6.63 3.51 6.80 1.66 2.64 5.18 7.58 1.54 1.60 1.15 4.53 7.46 6.32 8.70 0.77 1.29 1.91 1.25 7.26 8.84 4.45 3.86 8.46 4.51 3.95 0.81 5.16 3.95 0.72 3.89 2.42 6.96 4.66 7.04 3.23 2.53 7.78 8.43 3.27 7.18 2.76 0.79 3.11 3.52 6.21 8.28 8.21 8.09 8.63 8.71 1.01 6.37 7.53 6.78 3.88 4.43 4.29 1.20 0.63 0.21 0.53 6.98 3.42 0.05 4.75 8.67 7.00 4.80 7.19 5.47 7.63 6.98 8.77 4.20 8.83 0.68 5.46 7.70 3.75 7.92 1.62 8.59 2.88 3.41 5.22
1.40 5.23 0.09 1.65 7.75 6.78 3.52 2.23 6.62 6.66 1.11 4.87 3.66 1.79 3.67 1.81 5.15 2.72 3.01 6.23 0.01 5.37 5.02 0.41 1.81 8.25 0.66 5.24 5.81 4.95 4.42 4.68 2.49 7.11 8.03 7.52 5.17 0.42 3.08 5.64 8.11 1.45 7.05 2.08 1.79 7.95 2.20 3.29 6.89 0.01 6.41 2.61 3.80 3.72 4.05 5.54 6.03 6.47 1.09 2.47 4.81 5.94 1.87 1.55 5.70 4.09 1.04 2.55 4.05 3.85 3.70 6.27 8.00 4.88 0.35 8.67 6.96 7.64 1.03 5.90 2.85 4.39 5.79 1.70 7.57 0.93 3.87 7.55 8.70 1.28 4.09 5.59 2.38 0.30 2.56 1.79 7.65 2.60 0.18 8.89 7.41 6.40 8.27 5.26 1.80 2.07 0.09 5.88 3.22 0.75 7.46 7.81 0.67 7.92 8.70 5.84 1.03 0.72 3.09 8.02 3.74 7.97 0.93 4.65 6.82 1.81 5.08 1.35 3.59 8.96 0.98 2.40 0.91 7.76 7.32 0.96 7.31 4.23 7.98 3.09 7.22 8.07 5.12 1.76 4.97 7.68 8.01 8.90 4.48 0.13 8.31 8.29 4.01 1.79 0.84 0.69 0.78 5.84 8.43 8.19 7.00 4.64 7.66 6.45 2.95 2.23 8.19 5.91 4.71 6.67 6.86 3.64 6.43 6.07 4.95 1.21 2.49 3.50 5.03 3.93 3.38 0.81 2.51 4.27 4.32 5.38 2.16 3.10 4.03 8.62 8.26 1.04 7.93 3.41 3.34 5.72 1.07 4.22 3.88 8.74
3.04 0.59 6.87 7.86 8.30 8.66 1.90 7.44 6.31 5.97 5.46 3.29 8.30 7.50 2.07 2.15 1.22 3.90 7.04 2.93 3.33 6.25 0.89 1.68 7.16 6.54 4.78 7.68 8.78 5.39 4.27 2.49 8.52 3.84 2.67 2.37 0.88 5.97 6.91 8.94 4.13 0.63 7.00 8.90 5.34 4.39 1.13 5.65 1.79 2.20 7.37 0.85 4.72 6.92 4.02 6.93 1.17 0.82 7.35 5.88 5.62 3.37 2.81 4.49 2.93 5.42 4.05 5.39 6.26 8.81 5.46 0.10 7.25 2.70 3.12 0.57 8.93 4.47 8.14 2.30 0.10 8.22 5.55 7.77 4.20 2.12 3.72 8.44 7.08 7.54 4.73 0.61 2.09 5.92 0.78 1.09 8.85 7.23 7.42 2.49 6.07 6.49 1.25 4.51 3.67 1.90 3.11 5.01 6.65 7.79 4.27 7.12 1.97 0.86 4.82 8.93 4.58 2.67 5.76 4.91 6.69 0.78 6.62 2.56 3.97 8.08 7.88 5.76 4.63 5.00 7.98 4.54 5.64 2.59 4.71 5.31 3.46 0.39 4.15 6.82 1.24 2.14 5.46 1.10 7.38 3.80 8.56 1.49 0.49 2.55 1.12 7.57 6.42 7.79 0.88 5.96 6.16 1.94 3.77 7.08 8.73 4.28 7.06 4.81 2.75 7.41 0.45 8.07 6.22 5.85 0.99 3.59 1.14 5.24 1.46 2.94 7.97 5.07 1.78 2.96 8.46 8.50 8.92 7.22 1.00 5.88 4.66 0.49 2.16 4.66 7.38 2.65 1.44 7.54 7.52 3.86 1.14 4.52 4.44 7.58
4.36 0.17 7.18 3.80 4.01 2.66 6.65 6.51 1.84 7.10 8.33 2.31 4.45 6.34 7.94 8.31 3.50 1.50 5.23 1.84 6.90 2.85 2.22 5.08 4.42 5.55 7.77 0.63 3.45 7.88 3.33 7.11 3.84 0.29 8.56 3.97 0.93 4.52 8.90 0.61 6.42 4.98 3.84 7.39 3.12 4.36 3.78 6.70 3.68 1.69 5.18 7.43 1.25 5.16 5.10 5.20 6.09 7.73 2.07 1.18 0.59 7.72 5.02 7.92 1.67 4.20 0.89 4.14 8.34 4.44 6.89 1.53 4.89 6.93 8.60 0.70 0.30 1.68 4.17 1.54 6.36 7.32 2.98 0.17 1.97 2.87 8.83 7.04 2.47 1.70 2.18 7.86 3.10 5.60 0.68 6.84 1.64 5.49 4.23 4.18 2.44 5.31 8.38 5.02 0.22 3.72 2.02 7.40 5.53 4.36 8.26 8.54 1.46 6.26 4.67 6.47 7.44 7.78 3.94 3.66 5.95 7.50 4.42 5.00 0.89 1.65 2.96 4.70 2.99 2.28 0.77 1.33 0.43 5.25 2.27 1.08 7.20 4.35 0.47 7.50 4.31 3.91 7.40 6.91 7.69 7.17 6.11 8.52 1.65 0.12 8.19 7.59 4.93 5.66 4.81 0.17 2.02 1.14 2.89 3.19 4.91 4.64 3.97 5.86 1.37 8.18 6.18 1.36 5.67 3.57 1.71 5.60 8.24 7.78 6.75 4.92 8.47 0.96 1.84 0.62 2.89 5.49 6.56 3.19 4.03 3.15 3.59 7.73 8.21 5.23 5.17 0.85 3.22 2.81 7.10 0.06 1.23 1.01 5.84 0.12
3.07 0.84 1.00 0.02 8.47 3.19 1.09 3.17 8.73 4.28 7.81 7.09 3.52 2.00 0.22 3.83 8.86 8.32 4.62 4.83 5.32 1.34 5.03 1.50 0.97 5.40 7.54 7.98 4.79 3.41 0.71 8.03 2.67 8.56 4.21 6.79 7.76 0.81 1.16 0.44 1.19 0.84 4.25 8.96 2.27 5.33 4.51 8.04 3.43 7.92 6.96 6.94 4.10 1.08 5.88 3.68 6.07 7.39 2.80 4.06 2.09 8.95 1.17 8.19 7.79 1.48 0.63 1.20 6.20 7.82 1.15 1.15 7.43 7.02 6.35 4.88 8.70 3.43 2.10 3.28 4.37 5.26 3.21 9.00 7.10 6.67 7.05 6.59 6.00 5.73 6.96 1.53 7.35 7.45 6.31 5.00 5.52 0.49 3.73 0.22 2.93 8.88 4.91 6.48 1.73 0.11 3.21 3.65 5.15 5.65 5.71 0.22 6.05 2.01 5.04 0.15 7.57 4.67 3.16 8.63 7.71 4.20 1.95 2.53 1.08 6.24 2.29 4.84 0.99 1.11 2.09 1.00 8.67 2.98 6.86 5.06 3.30 0.32 2.53 8.14 3.09 5.26 2.13 7.74 7.88 1.40 3.39 8.39 4.54 8.68 1.59 8.23 3.40 6.60 0.21 6.89 6.23 2.53 4.87 4.85 8.15 1.01 2.74 5.24 6.47 2.74 1.85 4.91 1.57 0.62 6.25 3.90 5.55 6.94 4.30 8.65 1.93 4.63 2.08 4.74 6.69 5.62 3.55 4.23 5.15 7.24 4.31 4.00 7.94 8.81 1.36 0.27 1.87 5.21 2.89 3.52 5.97 3.29 3.48 3.22
2.26 1.03 4.47 6.63 3.84 7.54 8.71 6.91 2.85 0.01 0.03 6.76 0.99 6.41 7.79 4.40 4.17 8.01 2.53 1.34 5.96 2.91 8.93 1.82 7.11 4.53 4.19 3.61 2.37 0.03 4.44 7.52 2.37 3.97 6.79 1.68 3.41 8.76 4.72 1.26 2.03 3.14 2.15 5.68 5.59 5.68 1.73 8.18 4.26 1.38 5.64 3.82 1.37 1.51 1.61 0.42 3.74 2.93 2.78 5.12 6.05 3.85 0.58 4.59 6.23 7.91 8.22 3.22 7.96 2.37 7.10 4.17 0.84 5.93 0.10 6.59 0.68 0.34 8.64 7.74 0.65 4.95 0.26 6.08 7.64 1.46 5.98 5.01 4.02 7.21 0.58 0.25 4.25 3.64 1.48 7.79 1.10 2.31 1.14 2.66 6.84 8.42 1.15 6.06 3.82 4.91 0.05 4.58 6.60 1.60 1.85 6.76 0.93 5.48 8.76 8.21 7.97 0.95 0.85 0.86 6.08 0.41 7.04 0.52 1.52 0.65 1.75 1.40 5.53 8.93 1.11 1.97 6.28 8.77 2.94 6.56 4.53 2.23 3.76 6.41 0.06 2.00 4.76 8.87 7.81 2.75 7.43 1.86 6.10 8.57 6.76 5.71 8.36 3.57 1.86 1.01 5.51 8.16 5.27 4.89 1.16 2.14 5.21 7.86 2.16 0.47 2.16 0.97 5.68 4.00 2.30 5.51 4.30 5.31 0.94 5.46 5.38 8.51 6.78 5.70 8.23 6.19 1.10 6.76 3.40 5.01 8.87 6.00 1.80 4.47 6.74 5.07 4.41 6.83 3.07 6.02 4.70 3.78 1.39 4.65
3.23 6.19 6.86 0.78 0.06 0.62 7.78 1.37 6.13 3.28 7.68 8.74 8.60 5.94 7.86 2.67 1.03 5.64 8.85 6.20 2.31 1.24 8.50 7.45 5.91 8.67 0.83 6.34 0.86 7.83 6.34 5.17 0.88 0.93 7.76 3.41 1.64 7.76 7.31 8.19 1.19 6.68 1.92 2.27 3.79 6.21 8.97 1.96 7.22 5.20 3.51 0.76 6.18 2.42 8.78 0.79 1.01 3.16 5.83 1.04 2.87 7.51 1.91 2.36 4.77 3.48 6.21 1.95 4.11 1.27 1.58 7.14 8.56 6.90 8.67 8.33 3.87 5.12 6.87 6.62 5.57 5.59 3.04 4.92 3.64 0.66 1.96 7.66 5.97 5.67 2.77 5.41 7.36 6.06 0.43 7.25 7.03 7.14 0.67 6.78 6.40 7.35 5.06 7.29 5.68 0.28 4.91 5.02 5.46 4.72 3.88 8.26 4.27 5.43 5.39 5.92 3.89 5.06 8.35 5.75 7.19 5.06 3.02 0.04 2.98 4.14 8.05 3.90 1.81 0.69 6.10 4.56 2.85 6.55 4.26 5.24 2.83 0.31 8.85 1.68 8.81 0.62 6.93 7.95 7.31 7.92 1.88 5.55 3.91 3.08 2.76 3.49 3.27 7.73 5.28 3.68 6.73 5.41 7.15 8.93 1.80 3.01 6.27 2.62 1.84 5.46 7.66 5.05 5.68 8.64 1.50 4.70 6.98 8.57 5.11 8.39 1.54 7.45 7.06 6.03 8.55 4.85 1.45 4.17 7.41 4.72 2.41 8.08 8.05 5.37 3.30 5.55 3.59 0.83 1.24 8.62 5.03 0.93 6.79 5.38
8.74 1.33 1.71 2.21 4.67 4.47 5.28 7.61 1.09 7.53 2.64 5.01 1.55 6.01 7.32 4.93 1.67 2.31 7.39 5.60 5.69 2.98 2.29 0.96 7.92 4.98 2.42 0.99 3.46 0.58 7.19 0.42 5.97 4.52 0.81 8.76 7.76 3.05 2.24 0.60 0.37 6.83 0.46 8.18 0.17 2.36 8.78 4.97 6.23 8.69 6.57 1.16 2.94 1.61 1.33 3.84 1.98 8.05 7.91 3.23 8.62 0.21 1.73 8.02 5.31 6.47 8.16 3.46 3.70 2.51 4.55 7.66 0.91 3.50 5.71 4.91 5.54 4.57 5.69 5.36 2.68 6.67 3.87 2.20 5.41 3.99 1.91 8.62 3.08 8.68 8.37 6.37 7.10 0.34 3.02 8.98 3.24 8.54 1.65 1.73 7.10 0.45 6.73 3.06 6.84 4.96 2.12 8.83 4.08 1.98 0.64 4.41 3.50 5.55 5.32 2.22 6.81 8.24 6.71 3.34 4.23 8.39 7.51 2.64 0.85 7.05 0.15 2.95 7.55 8.83 4.59 6.37 4.27 3.51 3.99 3.66 2.03 8.26 8.61 7.53 2.79 6.16 7.48 1.89 1.20 0.57 4.21 1.74 0.06 2.01 1.26 2.87 7.60 7.22 3.57 8.31 3.01 2.71 1.88 5.91 7.75 5.87 2.95 1.43 4.03 6.45 7.46 5.50 3.84 1.60 4.07 8.40 5.18 7.35 8.11 4.13 0.91 8.39 7.60 3.15 1.24 5.86 8.29 1.12 1.92 1.15 4.13 7.89 8.68 1.71 3.04 8.54 2.46 7.41 0.63 4.92 8.01 2.60 8.79 7.22
4.36 4.09 8.68 6.57 5.63 4.40 3.86 4.90 0.00 6.38 5.06 7.45 4.96 3.74 0.65 6.29 2.59 2.13 1.84 5.48 7.52 0.67 2.69 5.84 5.94 6.47 0.87 7.76 6.28 1.06 5.59 3.08 6.91 8.90 1.16 4.72 7.31 2.24 4.74 1.53 1.84 1.14 0.21 3.49 8.72 8.15 2.69 7.52 1.04 3.92 3.39 3.46 3.02 5.49 2.42 0.60 6.18 4.21 1.27 7.31 2.16 6.26 1.83 2.29 8.87 1.98 6.54 6.16 3.69 5.53 3.92 0.01 0.63 7.02 3.76 8.66 6.15 5.99 0.20 7.69 8.82 7.14 6.89 4.28 1.39 8.59 1.14 4.92 6.77 7.89 7.65 8.25 7.78 4.94 3.77 8.50 6.02 5.65 7.65 0.99 2.90 8.40 8.44 2.09 7.84 4.13 1.38 0.55 8.07 3.18 7.48 4.91 7.33 8.60 6.91 1.66 8.13 1.28 1.09 5.74 2.48 6.99 5.23 6.53 7.23 1.28 7.95 2.46 2.60 8.54 3.05 8.08 0.43 2.51 6.12 1.09 1.86 6.18 6.02 0.00 3.01 5.85 5.03 7.69 1.84 4.42 7.89 7.34 3.55 7.87 0.12 5.08 7.20 6.24 3.62 0.07 1.23 8.20 8.23 0.28 4.00 8.88 6.80 7.18 1.34 6.87 0.85 3.85 2.00 1.62 8.88 4.90 3.05 1.43 8.68 6.54 6.84 5.49 4.86 4.54 5.66 7.17 2.70 4.20 1.02 0.83 1.51 6.69 4.12 3.49 6.76 7.98 5.91 5.53 4.61 1.84 0.43 4.16 8.25 6.28
