7 7
1.683632439 7.899034304 6.047169386 3.618001877 6.789691378 8.940422076 8.672576081
7.899034304 5.094702166 6.597572065 8.500219546 6.532624074 5.514606533 1.106664664
6.047169386 6.597572065 7.586117860 3.108027469 2.880444504 6.731344394 5.290801555
3.618001877 8.500219546 3.108027469 7.625606001 0.449385613 4.553097041 5.264473662
6.789691378 6.532624074 2.880444504 0.449385613 0.329933290 6.453490558 0.971044042
8.940422076 5.514606533 6.731344394 4.553097041 6.453490558 3.613097326 0.076694546
8.672576081 1.106664664 5.290801555 5.264473662 0.971044042 0.076694546 6.077940110