20 20
1.38550796198 1.24478459449451 0.641402296012838 1.06357239846932 0.69818540920874 1.40970250586347 1.05221577583014 1.35489445747439 0.824589556844834 0.985557338600173 1.14158745833848 0.943093445253672 0.983582273793359 1.23342797185533 0.962844093321812 0.999876558449574 0.924824095790643 1.01518331070238 1.06949759288977 1.126774472287371.24478459449451 1.63732872484878 0.950993704480928 1.2714479693865 0.885322799654364 1.43142821873843 1.21071472657697 1.40575237624985 0.98654487100358 0.917911368966794 1.26651030736946 1.18355758548327 1.05073447722503 1.4417973089742 1.02505863473645 1.20775212936674 1.18800148129861 1.1312183681027 1.12479940748056 1.073447722503390.641402296012838 0.950993704480928 1.04826564621652 0.895198123688434 0.746574496975682 1.0181459079126 0.835946179484014 1.06406616467103 0.790025922725589 0.609801259103814 0.990001234415504 0.851252931736823 0.651277620046908 1.09319837057153 0.797926181952845 0.959881496111591 0.66707813850142 0.719911122083693 0.830514751265276 0.698185409208741.06357239846932 1.2714479693865 0.895198123688434 1.55141340575238 0.768793976052339 1.18997654610542 1.04283421799778 1.21120849277867 1.04480928280459 0.783113195901741 1.12973706949759 1.11788668065671 0.929267991605975 1.24231576348599 1.12381187507715 1.19343290951734 1.04727811381311 1.05122824342674 1.11887421306012 1.070485125293170.69818540920874 0.885322799654364 0.746574496975682 0.768793976052339 0.740155536353537 0.916923836563387 0.707073200839403 0.932230588816196 0.66707813850142 0.607826194297 0.930749290211085 0.772250339464264 0.68979138377978 0.981607208986545 0.709048265646216 0.849771633131712 0.573756326379459 0.641896062214541 0.782125663498334 0.6641155412911991.40970250586347 1.43142821873843 1.0181459079126 1.18997654610542 0.916923836563387 1.83878533514381 1.2867547216393 1.64177262066412 1.13418096531292 1.19343290951734 1.33366251080114 1.16331317121343 1.0877669423528 1.56622639180348 1.16528823602024 1.30502407110233 1.1025799284039 1.1583755091964 1.25959758054561 1.332674978397731.05221577583014 1.21071472657697 0.835946179484014 1.04283421799778 0.707073200839403 1.2867547216393 1.28477965683249 1.26749783977287 0.829527218861869 0.80286384396988 1.09221083816813 1.02752746574497 0.849771633131712 1.26058511294902 0.862115788174299 0.94556227626219 0.961362794716702 0.786075793111962 1.17121343044069 0.9746944821626961.35489445747439 1.40575237624985 1.06406616467103 1.21120849277867 0.932230588816196 1.64177262066412 1.26749783977287 1.77064559930873 1.12578693988396 1.14257499074188 1.3568695222812 1.04431551660289 0.972225651154178 1.57017652141711 1.08282928033576 1.28872978644612 1.01617084310579 1.0887544747562 1.23095914084681 1.238365633872360.824589556844834 0.98654487100358 0.790025922725589 1.04480928280459 0.66707813850142 1.13418096531292 0.829527218861869 1.12578693988396 1.0319713615603 0.845821503518084 0.931736822614492 0.878410072830515 0.690285149981484 1.10504875941242 0.845821503518084 0.962350327120109 0.96531292433033 0.781138131094927 0.946056042463893 0.9811134427848410.985557338600173 0.917911368966794 0.609801259103814 0.783113195901741 0.607826194297 1.19343290951734 0.80286384396988 1.14257499074188 0.845821503518084 1.01962720651771 0.868040982594741 0.775706702876188 0.755956054808048 1.06752252808295 0.726823848907542 0.856190593753858 0.870509813603259 0.681891124552524 0.880878903839032 0.9381557832366371.14158745833848 1.26651030736946 0.990001234415504 1.12973706949759 0.930749290211085 1.33366251080114 1.09221083816813 1.3568695222812 0.931736822614492 0.868040982594741 1.4417973089742 1.08974200715961 0.968275521540551 1.38106406616467 0.970250586347364 1.14257499074188 0.894210591285027 0.946056042463893 1.18257005307987 1.054684606838660.943093445253672 1.18355758548327 0.851252931736823 1.11788668065671 0.772250339464264 1.16331317121343 1.02752746574497 1.04431551660289 0.878410072830515 0.775706702876188 1.08974200715961 1.26453524256265 0.992963831625725 1.30996173311937 0.961856560918405 0.981113442784841 1.01024564868535 0.779656832489816 1.03690902357734 1.013702012097270.983582273793359 1.05073447722503 0.651277620046908 0.929267991605975 0.68979138377978 1.0877669423528 0.849771633131712 0.972225651154178 0.690285149981484 0.755956054808048 0.968275521540551 0.992963831625725 0.98654487100358 1.1168991482533 0.807801505986915 0.860634489569189 0.763856314035304 0.788050857918775 0.817183063819282 0.8542155289470441.23342797185533 1.4417973089742 1.09319837057153 1.24231576348599 0.981607208986545 1.56622639180348 1.26058511294902 1.57017652141711 1.10504875941242 1.06752252808295 1.38106406616467 1.30996173311937 1.1168991482533 1.87581780027157 1.1455375879521 1.31736822614492 1.1583755091964 1.05715343784718 1.28428589063079 1.299098876681890.962844093321812 1.02505863473645 0.797926181952845 1.12381187507715 0.709048265646216 1.16528823602024 0.862115788174299 1.08282928033576 0.845821503518084 0.726823848907542 0.970250586347364 0.961856560918405 0.807801505986915 1.1455375879521 1.14257499074188 0.946056042463893 0.804838908776694 0.94556227626219 1.02209603752623 0.9643253919269230.999876558449574 1.20775212936674 0.959881496111591 1.19343290951734 0.849771633131712 1.30502407110233 0.94556227626219 1.28872978644612 0.962350327120109 0.856190593753858 1.14257499074188 0.981113442784841 0.860634489569189 1.31736822614492 0.946056042463893 1.34551289964202 0.920380199975312 0.885322799654364 0.99642019503765 0.9208739661770150.924824095790643 1.18800148129861 0.66707813850142 1.04727811381311 0.573756326379459 1.1025799284039 0.961362794716702 1.01617084310579 0.96531292433033 0.870509813603259 0.894210591285027 1.01024564868535 0.763856314035304 1.1583755091964 0.804838908776694 0.920380199975312 1.31736822614492 0.732255277126281 1.08036044932724 0.9840760399950621.01518331070238 1.1312183681027 0.719911122083693 1.05122824342674 0.641896062214541 1.1583755091964 0.786075793111962 1.0887544747562 0.781138131094927 0.681891124552524 0.946056042463893 0.779656832489816 0.788050857918775 1.05715343784718 0.94556227626219 0.885322799654364 0.732255277126281 1.21219602518208 0.838908776694235 0.9406246142451551.06949759288977 1.12479940748056 0.830514751265276 1.11887421306012 0.782125663498334 1.25959758054561 1.17121343044069 1.23095914084681 0.946056042463893 0.880878903839032 1.18257005307987 1.03690902357734 0.817183063819282 1.28428589063079 1.02209603752623 0.99642019503765 1.08036044932724 0.838908776694235 1.49463029255647 1.082829280335761.12677447228737 1.07344772250339 0.69818540920874 1.07048512529317 0.664115541291199 1.33267497839773 0.974694482162696 1.23836563387236 0.981113442784841 0.938155783236637 1.05468460683866 1.01370201209727 0.854215528947044 1.29909887668189 0.964325391926923 0.920873966177015 0.984076039995062 0.940624614245155 1.08282928033576 1.28527342303419

vecteur
[-0.364262323371122 -0.482161495875223 -0.0621795426085532 0.0901714346111989 0.215546983705731 0.13675213360556 0.248420081205746 0.235251996899552 0.0512088850125354 -0.0668932894510251 -0.0936493544652216 -0.0303334429753681 0.280306398679592 -0.0929999011356872 -0.0728862943038936 -0.225816316843827 -0.223442204064199 0.0890693957790726 -0.412419379964895 0.228813023406235;-0.17773618661035 0.182054738374191 0.35493744672611 0.127367545909685 -0.237700139545417 0.138118528508956 -0.326704655145701 0.240946629942815 0.0830458886553549 -0.0139795071695028 0.0522893817314356 0.172168989723879 -0.171238349252797 -0.452689782497995 0.316396688976833 -0.287835922218454 -0.15339964622125 -0.0404757931349668 0.0725661780722395 0.256090941634053;-0.167933624915187 -0.0873491388738607 0.0213475179937414 0.323811838700318 0.0135533664205002 0.302509488250587 0.485436792875093 -0.0045459900306555 0.0892461881768492 0.215321606077287 0.254517788866051 -0.0337551914871129 -0.249519136903391 -0.0404074645137804 -0.0116825203568059 0.167627204632683 0.199538251412287 0.244827169837393 0.431581356663959 0.181934411005262;0.259673315757968 -0.218562306055488 0.163651816118362 0.167932724607565 -0.260527102435848 -0.0548215561540707 0.0302377952202196 -0.16142852254208 0.0920760389800967 0.138850761254874 -0.29616355919854 -0.332151573663448 0.289899417490001 -0.0932763453862292 -0.0696032944691285 0.195446479976818 -0.395984237535707 -0.256068759439996 0.30399908160104 0.235780385468506;0.145861055422694 -0.364158876779645 -0.453987580625473 0.206936254350123 -0.0326900581054129 0.0668541135449357 -0.553006315679098 -0.0525908430838215 0.138956073155909 -0.00233690313190761 0.135721838210391 0.257602731786357 0.166614159297134 0.0956136969456491 -0.0102862361011839 -0.0699469997781068 0.107476144196827 0.211912418410056 0.231210667076176 0.164787086715266;0.318954816707223 -0.207214714272669 0.265798699210748 0.129574022175503 -0.0694224332148312 -0.229030485104822 -0.0724689140592427 -0.00324333086008515 -0.487131696253928 -0.0239055203564501 0.426661243790121 -0.222423778964847 -0.103300695421278 0.0299201318919602 0.0476312886180921 0.0728225898942289 0.0443947237660392 0.229847930163322 -0.291991297814106 0.277084636533924;-0.23865307138866 0.0843400745414249 -0.403794735274666 -0.125603371768835 -0.133324356858062 -0.183776815694195 -0.0789318162067707 -0.220720682151694 -0.0343350549537613 0.14423859489609 -0.00184114267045873 -0.480078466328559 -0.186321508764014 -0.348634059415049 -0.239490418353759 -0.263087953132708 0.238734223453524 -0.091722761616943 -0.0391684585547945 0.219936165248171;0.422139098697595 0.196593425640242 0.0365523891020127 -0.143251233099052 0.367965426593614 0.106010054036854 -0.0694728434531808 0.174179929388613 0.392045907327099 0.0940695535568779 -0.247156481858668 -0.155107775060292 -0.0373630131031591 -0.215367147750499 -0.0246325177672604 0.18917472934753 0.14486838103293 0.34680856350148 -0.183749205131781 0.269438935529919;-0.474915948751275 -0.0978726973872279 0.176275813726306 -0.115721422981257 0.325388874192186 -0.345648633098665 -0.270849483071427 -0.0628751539055401 0.040346220322948 0.321306232929403 0.0224117788108477 0.0835779977166695 -0.00121401724028426 0.0717120698347338 0.129551075547885 0.468411520959062 0.0627585822460278 -0.141179180064529 0.0292746598753747 0.198318744677103;-0.0691564645122088 0.0735421781473386 -0.0127525165409831 -0.207816635922854 -0.551447239646946 0.129232422390069 0.130775362727171 -0.233667523154454 0.36714783020304 0.0332458048476854 0.211797887778302 0.0735558910721344 0.254851504034616 0.137998037210168 0.216115137204216 0.189204350597409 0.174608346790218 0.018618773058701 -0.367737949672001 0.187687027187861;0.0715770141829678 0.144811561194875 -0.00036712855982552 -0.15774228883816 -0.193149041095276 -0.373278861071909 0.245383096599409 0.219196776124055 -0.222810548029029 0.337956496405108 -0.189906356174455 0.429974481484505 0.264400281648966 -0.00811984734411076 -0.196318256225669 -0.195446321380852 0.115280028879624 0.200893168338248 0.147163288087889 0.239374326329764;0.12495454932932 -0.17156604385129 0.10915981054695 -0.557425542148386 0.128490707136998 0.326635112203538 -0.0316050793338103 0.148771300635285 -0.0529003099869749 0.191908044684026 0.140080358633426 -0.156461099800109 -0.0324528641198178 0.342017790285193 0.114598320677943 -0.318465112601752 0.0620921565740957 -0.264005267054618 0.220411745085302 0.218020129775262;0.0140997967130822 0.386576442964431 0.0517659435495496 0.325467360679549 0.348790478686125 -0.161471177679905 0.071463073301931 -0.38102551035197 0.157372303642669 0.0616449072315339 0.148970510918779 -0.0585881426976001 0.222953275640819 0.277472307536026 0.180907711224249 -0.420835394470911 -0.129313693259676 0.00677076358075594 -0.00200829633849713 0.190378786618398;-0.0632417672621882 -0.200699332988873 0.1309624148521 0.0311866750339856 -0.111582148847446 -0.217525569537338 0.0684114479148006 -0.117374534999499 0.0891003369396781 -0.442014690634578 -0.487481092183362 0.0232747988602299 -0.369337052177883 0.316182822728383 0.153276835183147 -0.113782073921514 0.240777003596546 0.0784745762772759 0.0660209740859252 0.276702133823046;-0.0935806984183485 0.235488283606333 -0.142663391033148 -0.0178681568457169 -0.0982655208014765 -0.247323672120619 -0.00714989076519432 0.490105368753916 0.260910959201025 -0.313582413401008 0.311350956862254 -0.145231463165134 -0.0723072216622088 0.272071278817636 -0.293394107342239 0.125954863493676 -0.282974438535167 -0.0378834157301105 0.121479814742676 0.205264149296491;-0.170360813235394 0.260122347733832 -0.172948143277724 -0.172729396245466 0.092255706252659 0.203122212187817 0.00430771423683751 -0.0416984136913623 -0.425956685751844 -0.422955505978865 -0.077319965704428 -0.120056473903997 0.382528105388107 -0.107349003564214 0.255924292377972 0.223477443338563 0.018786565652515 0.170475901558218 0.239809320017894 0.22606005638299;0.288001552613778 -0.0393239198788233 -0.348223320711401 0.127338381343157 0.152535215364564 -0.137258847990076 0.270178397306597 0.134793451164103 -0.0205100830262427 -0.0961050241877872 0.0911797890880459 0.234713644314944 -0.0822120594768468 -0.215100027031884 0.315274447009532 0.104856433543908 0.127087397928791 -0.58601546914147 -0.0811942051118324 0.205238762959757;0.0513836267860448 -0.0175663312825501 -0.176161629309896 -0.323490379783999 0.0571337545391176 0.0483646241773103 0.0966946143540805 -0.401910189563807 -0.0466305038793078 -0.0107696779735194 0.0593322288154831 0.319401046758885 -0.38038444776191 -0.0888947576632047 -0.0711393772353417 0.0631016230377464 -0.591476570205073 0.16100355008736 -0.0312693813290584 0.196666559266421;0.0132667289525846 0.0464634888475322 0.320656978813513 0.0284980589741788 0.123019681919762 0.212358139719697 -0.0695626912615075 -0.236778531161311 -0.00541940534773051 -0.284029544233249 0.105340178946918 0.262198029310207 0.111976012185672 -0.110115345716993 -0.62479864318981 0.0265011489963852 0.247116414021319 -0.286872591259315 -0.0196449387532394 0.229923302350299;-0.055876691943565 0.274624490724292 -0.182799576819331 0.309462967551568 -0.110417072446326 0.376129754143875 -0.155398039929781 0.11528434578114 -0.298063543994704 0.278644146088435 -0.296188286689101 0.0227847948238203 -0.183537250134246 0.357897908968246 -0.107093057048225 0.13527635029634 -0.0682879753383102 -0.140790981098214 -0.28467496591736 0.22219338407561]

valeur
[0.000559842019324728;0.00295992622488146;0.0103784513124731;0.0206894643357285;0.0312724296115819;0.0467109494375511;0.0888971304822104;0.110916381206856;0.151721474619626;0.222837041567333;0.248268587825357;0.273784713038225;0.343528636039623;0.482765609440837;0.540927164701442;0.624184102435471;0.779027392613104;0.884877395163589;0.960506191147572;20.849918631405]

