30 30
7.966879487 7.594574608 1.778332506 7.539225237 5.714800653 6.508592395 4.621807262 1.103398717 6.524542250 4.800539569 0.371248018 3.791095283 0.351535044 4.894291067 1.220255571 5.118090626 1.265775837 5.501024184 1.526804110 1.915111727 2.290072589 6.716355210 2.335244610 4.338134612 7.786283139 3.807194843 7.985449420 3.669757500 6.593733634 2.262537264
7.594574608 3.692132135 4.100108779 0.546485143 3.288048310 4.749487101 2.038487315 3.234703054 6.691658053 0.125107758 7.051078453 4.308735638 6.526996900 3.883758914 4.103933900 4.193280202 2.511870791 6.059336126 1.569528701 6.352118115 4.449881209 8.262943049 8.663285555 0.729867737 8.330051840 7.956494204 6.691600468 1.218699748 2.137251333 3.061229060
1.778332506 4.100108779 3.236517783 6.408519108 1.391011624 3.230564965 0.500298979 5.796001491 2.980407349 2.920013277 6.443151737 2.142181470 6.242548829 2.168254520 7.094704921 8.969975400 8.062310272 6.801103437 1.341726789 3.448563896 5.600512351 1.076749088 2.010180175 6.530315943 0.819356481 3.838065967 3.565924059 3.578037244 5.835014440 7.459912146
7.539225237 0.546485143 6.408519108 1.517878556 5.747041970 7.284626783 0.158361278 7.544517639 7.825899534 8.779833495 2.405921518 3.843065659 3.324153329 7.642310769 2.193505946 5.394314461 5.672976600 0.751061694 1.894806333 2.996938840 1.583839385 7.620183308 4.968411832 1.214890979 2.791986334 3.473842684 8.697710596 3.469269953 0.772152723 8.370971130
5.714800653 3.288048310 1.391011624 5.747041970 6.909909276 7.873754338 1.803984214 0.589786634 7.718273130 1.994078586 2.136172279 3.135561738 7.798016009 5.126721829 0.420083586 7.742242749 7.473485126 0.560884268 1.171227312 8.369240734 4.737495969 1.232624491 6.970681846 5.036713687 5.329227307 2.434517062 0.948108082 6.545776497 1.766580721 7.527251996
6.508592395 4.749487101 3.230564965 7.284626783 7.873754338 1.427605533 0.075947271 1.565988448 1.535057208 5.522032788 4.446500427 7.246409488 5.833984942 4.748398224 6.428912307 0.766703161 7.601421634 5.076400672 4.796399922 5.227919930 3.912239440 4.478274663 0.147991503 3.080067703 8.646901828 1.421465141 1.546753724 1.400313887 6.730166352 4.289065336
4.621807262 2.038487315 0.500298979 0.158361278 1.803984214 0.075947271 3.834860253 4.656723163 1.478374347 2.677998895 3.910442987 8.304130707 4.998263295 2.941253751 8.754146729 1.039955430 8.480995865 6.910294343 6.513849253 2.202825590 1.631356711 2.150020315 2.910775340 6.263485765 2.941939867 1.964743678 7.290391805 4.050062168 5.137164311 8.238809514
1.103398717 3.234703054 5.796001491 7.544517639 0.589786634 1.565988448 4.656723163 1.327947055 5.933442668 5.682100125 2.998231558 0.698187485 0.244499715 1.661669499 6.411359980 6.090893488 7.009143083 8.062119012 4.027039985 4.107923148 6.889366263 3.501827535 5.401761059 0.906989934 8.693581723 4.807334375 1.252869874 1.982558630 2.617363199 2.792052169
6.524542250 6.691658053 2.980407349 7.825899534 7.718273130 1.535057208 1.478374347 5.933442668 2.910117756 6.525774452 4.221100232 6.621967962 3.894239902 2.783114379 7.310968920 4.175248820 5.072131450 4.277751755 4.382474810 5.070392757 2.349410907 2.295421146 2.499350239 4.810637952 3.555245911 2.523663490 1.309798869 3.336426869 3.312031546 5.308756392
4.800539569 0.125107758 2.920013277 8.779833495 1.994078586 5.522032788 2.677998895 5.682100125 6.525774452 8.438029171 6.776902187 3.657868281 7.841138150 6.798041005 6.175478012 1.270397500 6.880180781 8.526155679 0.961421906 4.479702747 5.092391564 1.830757704 7.585996752 8.926922806 3.604727232 4.455989132 8.150333046 3.874760949 1.810978955 7.374393098
0.371248018 7.051078453 6.443151737 2.405921518 2.136172279 4.446500427 3.910442987 2.998231558 4.221100232 6.776902187 1.955102744 1.277409294 1.521156071 4.932728841 0.777136472 7.363149004 3.399125564 2.763826486 3.891933831 3.194380560 7.138752935 4.789623965 2.126239118 5.144268911 8.013652293 3.330175120 4.368842934 1.067211525 6.862330516 1.053651902
3.791095283 4.308735638 2.142181470 3.843065659 3.135561738 7.246409488 8.304130707 0.698187485 6.621967962 3.657868281 1.277409294 5.059350354 0.131826892 8.232613993 7.361374378 2.025754464 6.953206490 4.357826325 6.800403533 8.248654583 1.703309056 2.956470850 7.570281422 5.325590457 8.878833608 3.986233703 0.982046398 6.938850782 4.589582148 6.411817653
0.351535044 6.526996900 6.242548829 3.324153329 7.798016009 5.833984942 4.998263295 0.244499715 3.894239902 7.841138150 1.521156071 0.131826892 3.891023060 5.557719766 1.990154867 0.348929306 6.646793477 8.818054288 1.175769283 1.032997845 8.148153869 5.481409957 3.788597803 1.794283850 4.954264099 7.720361415 1.409099040 1.382459698 7.636745637 4.413287954
4.894291067 3.883758914 2.168254520 7.642310769 5.126721829 4.748398224 2.941253751 1.661669499 2.783114379 6.798041005 4.932728841 8.232613993 5.557719766 6.638887985 0.600803891 2.748449804 2.536905266 0.827313497 1.746720418 5.014903298 5.199837873 8.313369451 8.928565810 0.980799123 7.405502063 1.599841004 4.900657068 6.586253410 5.842734846 3.116308743
1.220255571 4.103933900 7.094704921 2.193505946 0.420083586 6.428912307 8.754146729 6.411359980 7.310968920 6.175478012 0.777136472 7.361374378 1.990154867 0.600803891 7.229706860 2.858527529 5.209113873 3.686597241 2.827368744 5.344750601 5.434140792 7.198782713 1.727640228 7.013886696 5.806079499 4.955617115 3.716414364 7.924034017 2.426019220 4.797009772
5.118090626 4.193280202 8.969975400 5.394314461 7.742242749 0.766703161 1.039955430 6.090893488 4.175248820 1.270397500 7.363149004 2.025754464 0.348929306 2.748449804 2.858527529 0.659025057 0.072689578 0.411622638 1.194429686 0.444773718 8.271178122 5.727417758 7.890890118 7.001156175 6.962607851 8.955261825 7.488359150 5.236626432 0.605437141 3.005435388
1.265775837 2.511870791 8.062310272 5.672976600 7.473485126 7.601421634 8.480995865 7.009143083 5.072131450 6.880180781 3.399125564 6.953206490 6.646793477 2.536905266 5.209113873 0.072689578 7.973075134 0.066282440 8.635176754 8.039709162 4.710129169 4.388955598 1.601413783 6.424090046 6.355253063 0.359506165 2.975654392 0.412195801 3.273833522 7.190950444
5.501024184 6.059336126 6.801103437 0.751061694 0.560884268 5.076400672 6.910294343 8.062119012 4.277751755 8.526155679 2.763826486 4.357826325 8.818054288 0.827313497 3.686597241 0.411622638 0.066282440 1.202828803 2.906451060 8.945135477 4.283173262 8.099545293 6.817655363 3.303865111 6.403379379 0.909476937 3.602343808 2.015513002 0.421255229 8.142949283
1.526804110 1.569528701 1.341726789 1.894806333 1.171227312 4.796399922 6.513849253 4.027039985 4.382474810 0.961421906 3.891933831 6.800403533 1.175769283 1.746720418 2.827368744 1.194429686 8.635176754 2.906451060 2.782140224 3.224547332 4.158674297 1.921836133 0.866540563 6.587532789 1.938925533 8.901707171 6.763304873 6.242367858 0.780299026 3.701912794
1.915111727 6.352118115 3.448563896 2.996938840 8.369240734 5.227919930 2.202825590 4.107923148 5.070392757 4.479702747 3.194380560 8.248654583 1.032997845 5.014903298 5.344750601 0.444773718 8.039709162 8.945135477 3.224547332 4.929212398 5.591149962 5.117228340 0.227559723 0.337550231 3.306512818 2.893307472 0.746177780 1.476496444 0.914182825 4.481603586
2.290072589 4.449881209 5.600512351 1.583839385 4.737495969 3.912239440 1.631356711 6.889366263 2.349410907 5.092391564 7.138752935 1.703309056 8.148153869 5.199837873 5.434140792 8.271178122 4.710129169 4.283173262 4.158674297 5.591149962 6.068715465 2.378175863 2.227736393 7.407318965 6.736828553 8.266148176 4.798537227 7.377000365 1.116173680 0.007943422
6.716355210 8.262943049 1.076749088 7.620183308 1.232624491 4.478274663 2.150020315 3.501827535 2.295421146 1.830757704 4.789623965 2.956470850 5.481409957 8.313369451 7.198782713 5.727417758 4.388955598 8.099545293 1.921836133 5.117228340 2.378175863 5.032058344 2.325940166 8.760908107 8.983110954 5.657281619 5.706777323 5.800111395 8.953687873 7.318758710
2.335244610 8.663285555 2.010180175 4.968411832 6.970681846 0.147991503 2.910775340 5.401761059 2.499350239 7.585996752 2.126239118 7.570281422 3.788597803 8.928565810 1.727640228 7.890890118 1.601413783 6.817655363 0.866540563 0.227559723 2.227736393 2.325940166 6.702874192 4.526443288 0.706455409 7.604125105 2.773069929 8.473418432 0.430339732 0.664134196
4.338134612 0.729867737 6.530315943 1.214890979 5.036713687 3.080067703 6.263485765 0.906989934 4.810637952 8.926922806 5.144268911 5.325590457 1.794283850 0.980799123 7.013886696 7.001156175 6.424090046 3.303865111 6.587532789 0.337550231 7.407318965 8.760908107 4.526443288 0.120314365 5.714288270 6.669564962 7.061648916 1.155192377 2.442097318 1.881473400
7.786283139 8.330051840 0.819356481 2.791986334 5.329227307 8.646901828 2.941939867 8.693581723 3.555245911 3.604727232 8.013652293 8.878833608 4.954264099 7.405502063 5.806079499 6.962607851 6.355253063 6.403379379 1.938925533 3.306512818 6.736828553 8.983110954 0.706455409 5.714288270 0.517253809 0.180770419 5.517566362 2.634131840 1.386658011 2.236459480
3.807194843 7.956494204 3.838065967 3.473842684 2.434517062 1.421465141 1.964743678 4.807334375 2.523663490 4.455989132 3.330175120 3.986233703 7.720361415 1.599841004 4.955617115 8.955261825 0.359506165 0.909476937 8.901707171 2.893307472 8.266148176 5.657281619 7.604125105 6.669564962 0.180770419 1.194363237 6.447929256 7.536083851 0.439751846 7.962769626
7.985449420 6.691600468 3.565924059 8.697710596 0.948108082 1.546753724 7.290391805 1.252869874 1.309798869 8.150333046 4.368842934 0.982046398 1.409099040 4.900657068 3.716414364 7.488359150 2.975654392 3.602343808 6.763304873 0.746177780 4.798537227 5.706777323 2.773069929 7.061648916 5.517566362 6.447929256 0.491774318 0.046507287 0.467167862 0.253921555
3.669757500 1.218699748 3.578037244 3.469269953 6.545776497 1.400313887 4.050062168 1.982558630 3.336426869 3.874760949 1.067211525 6.938850782 1.382459698 6.586253410 7.924034017 5.236626432 0.412195801 2.015513002 6.242367858 1.476496444 7.377000365 5.800111395 8.473418432 1.155192377 2.634131840 7.536083851 0.046507287 7.736196582 6.621376709 6.328296478
6.593733634 2.137251333 5.835014440 0.772152723 1.766580721 6.730166352 5.137164311 2.617363199 3.312031546 1.810978955 6.862330516 4.589582148 7.636745637 5.842734846 2.426019220 0.605437141 3.273833522 0.421255229 0.780299026 0.914182825 1.116173680 8.953687873 0.430339732 2.442097318 1.386658011 0.439751846 0.467167862 6.621376709 2.317223977 2.984052618
2.262537264 3.061229060 7.459912146 8.370971130 7.527251996 4.289065336 8.238809514 2.792052169 5.308756392 7.374393098 1.053651902 6.411817653 4.413287954 3.116308743 4.797009772 3.005435388 7.190950444 8.142949283 3.701912794 4.481603586 0.007943422 7.318758710 0.664134196 1.881473400 2.236459480 7.962769626 0.253921555 6.328296478 2.984052618 3.060123959