20 20 
6.932884275849801270e+00 5.727753173733625580e+00 6.116579565990976519e+00 5.180360718253099073e+00 5.441498936437659140e+00 5.466961940005856668e+00 5.275232469873318841e+00 5.581274136217874826e+00 5.392593234649828204e+00 5.056070331816908237e+00 4.491131363388545239e+00 3.575338491283314379e+00 5.670513826080836317e+00 3.354360425015379565e+00 4.736657765313390556e+00 5.920572499843516745e+00 6.115359880063362397e+00 4.917257543593654745e+00 3.954894383448551043e+00 3.710937329791405670e+00
5.727753173733625580e+00 7.781878905768705224e+00 6.066388003756013170e+00 5.159812856933236880e+00 6.030245263560303215e+00 6.951432460295693616e+00 6.787306996348199561e+00 5.950973476372388937e+00 6.502815809058137830e+00 5.652159632769725661e+00 5.887868498168207232e+00 3.236384889280292221e+00 6.699199405360303672e+00 4.220273741674047230e+00 4.585240410155732249e+00 6.009594017710433889e+00 5.874930220297795991e+00 4.821816183156018454e+00 4.829180068849290741e+00 5.550541937486461741e+00
6.116579565990976519e+00 6.066388003756013170e+00 7.181816660959844612e+00 5.539853748629730568e+00 5.991964192272773104e+00 6.148958358122756707e+00 5.459452756855274203e+00 5.932616673173469302e+00 6.032823777551527655e+00 5.386322002617118798e+00 4.939728166138048771e+00 3.220713223667857950e+00 5.621118764384400279e+00 4.042618904233541421e+00 5.130767248112115375e+00 5.865118984389432910e+00 6.082446016493605612e+00 4.817513532200134563e+00 4.217660344858825461e+00 3.864154403671780091e+00
5.180360718253099073e+00 5.159812856933236880e+00 5.539853748629730568e+00 6.448784242695006164e+00 4.689753415253130164e+00 5.170041751662581397e+00 4.515181608391492851e+00 5.134155507098027371e+00 5.517025036556199247e+00 4.784172430866838965e+00 4.822922340071601255e+00 2.606515601860299736e+00 5.360597047584053421e+00 4.363952847659383849e+00 3.857645605226254659e+00 5.965848806995400544e+00 5.276496383706415827e+00 4.503257378621268181e+00 4.517355342574090216e+00 4.094780861634371938e+00
5.441498936437659140e+00 6.030245263560303215e+00 5.991964192272773104e+00 4.689753415253130164e+00 6.938718286218417575e+00 6.030376161953796554e+00 5.147008127724837401e+00 5.814487966186964840e+00 6.632043717827952101e+00 5.610458513108417478e+00 4.771522590486108939e+00 2.810693009443436363e+00 5.074269924117765562e+00 4.181423153240380941e+00 4.868147979957937466e+00 4.672194691972722858e+00 5.676649531389365677e+00 5.059547265236048474e+00 4.385482636624647768e+00 4.411588299692744464e+00
5.466961940005856668e+00 6.951432460295693616e+00 6.148958358122756707e+00 5.170041751662581397e+00 6.030376161953796554e+00 7.315065123064028896e+00 6.008367341574952114e+00 6.192598112650635755e+00 6.419082198660484018e+00 5.363911093775271866e+00 5.380369776273817628e+00 3.246016381658355154e+00 6.065477688155249680e+00 4.068330886410162606e+00 4.536736115311991391e+00 5.476084806514946557e+00 6.063328274536926799e+00 4.811265130999361261e+00 4.295549848095127743e+00 5.608884802457996699e+00
5.275232469873318841e+00 6.787306996348199561e+00 5.459452756855274203e+00 4.515181608391492851e+00 5.147008127724837401e+00 6.008367341574952114e+00 7.527781681706990469e+00 5.655952375057506032e+00 6.363324552429452829e+00 5.805321066474149916e+00 5.921583005022254653e+00 2.419364485532742304e+00 6.300099966677426444e+00 4.127697228370073468e+00 4.236901631285681091e+00 5.610407254523396503e+00 4.710859486434387122e+00 4.782123516945524955e+00 3.956574281991964703e+00 4.783719651946897855e+00
5.581274136217874826e+00 5.950973476372388937e+00 5.932616673173469302e+00 5.134155507098027371e+00 5.814487966186964840e+00 6.192598112650635755e+00 5.655952375057506032e+00 7.074794951138597021e+00 5.775350537834833098e+00 5.978408023690158224e+00 5.109782789254612823e+00 2.940471619631883637e+00 5.430193400160618467e+00 4.258925270172079891e+00 4.325241620191701664e+00 5.876862983956173458e+00 5.886957306529484235e+00 4.754258383425715273e+00 4.563235731047872612e+00 4.689292407903420390e+00
5.392593234649828204e+00 6.502815809058137830e+00 6.032823777551527655e+00 5.517025036556199247e+00 6.632043717827952101e+00 6.419082198660484018e+00 6.363324552429452829e+00 5.775350537834833098e+00 7.968159413357503773e+00 5.791990645318821684e+00 5.839233088745988454e+00 2.282438893943858016e+00 5.840400505833106770e+00 4.730635597347934151e+00 4.897507436766262323e+00 4.914185215635238357e+00 5.584299267974595971e+00 5.685721956765008578e+00 4.655897409229701189e+00 5.255837795758341535e+00
5.056070331816908237e+00 5.652159632769725661e+00 5.386322002617118798e+00 4.784172430866838965e+00 5.610458513108417478e+00 5.363911093775271866e+00 5.805321066474149916e+00 5.978408023690158224e+00 5.791990645318821684e+00 7.129557060602683016e+00 5.305416290856963535e+00 2.723138603363298049e+00 5.912758453003990056e+00 4.624290282345484115e+00 4.261010611105521484e+00 6.028772821881688948e+00 4.947771716569520528e+00 4.696139244999414153e+00 4.227457033969352018e+00 4.639333039343970455e+00
4.491131363388545239e+00 5.887868498168207232e+00 4.939728166138048771e+00 4.822922340071601255e+00 4.771522590486108939e+00 5.380369776273817628e+00 5.921583005022254653e+00 5.109782789254612823e+00 5.839233088745988454e+00 5.305416290856963535e+00 6.830387581647924478e+00 2.060691579777513383e+00 5.955698030441054946e+00 4.547648561875232254e+00 3.349613438651417585e+00 5.636529128958573054e+00 4.602054743819354421e+00 3.804691819256486696e+00 4.242455626085637199e+00 4.140027042077875308e+00
3.575338491283314379e+00 3.236384889280292221e+00 3.220713223667857950e+00 2.606515601860299736e+00 2.810693009443436363e+00 3.246016381658355154e+00 2.419364485532742304e+00 2.940471619631883637e+00 2.282438893943858016e+00 2.723138603363298049e+00 2.060691579777513383e+00 2.857909137026036106e+00 3.197173178279053118e+00 1.433923593017631282e+00 2.249710949817219863e+00 3.392374120490717182e+00 3.064954773399224841e+00 1.957111405308405994e+00 1.570183482148127085e+00 2.368172819838323839e+00
5.670513826080836317e+00 6.699199405360303672e+00 5.621118764384400279e+00 5.360597047584053421e+00 5.074269924117765562e+00 6.065477688155249680e+00 6.300099966677426444e+00 5.430193400160618467e+00 5.840400505833106770e+00 5.912758453003990056e+00 5.955698030441054946e+00 3.197173178279053118e+00 7.222783100258645561e+00 3.946565647546837585e+00 3.939125172944338615e+00 6.323859474520587831e+00 5.422736679818846106e+00 4.457093938016783774e+00 4.636653620524651132e+00 5.065759787302734019e+00
3.354360425015379565e+00 4.220273741674047230e+00 4.042618904233541421e+00 4.363952847659383849e+00 4.181423153240380941e+00 4.068330886410162606e+00 4.127697228370073468e+00 4.258925270172079891e+00 4.730635597347934151e+00 4.624290282345484115e+00 4.547648561875232254e+00 1.433923593017631282e+00 3.946565647546837585e+00 5.002609418358501259e+00 3.220334624878692154e+00 4.179839064413876315e+00 3.184086163188349250e+00 3.741623006631931592e+00 3.371362639812885753e+00 3.229976983217454301e+00
4.736657765313390556e+00 4.585240410155732249e+00 5.130767248112115375e+00 3.857645605226254659e+00 4.868147979957937466e+00 4.536736115311991391e+00 4.236901631285681091e+00 4.325241620191701664e+00 4.897507436766262323e+00 4.261010611105521484e+00 3.349613438651417585e+00 2.249710949817219863e+00 3.939125172944338615e+00 3.220334624878692154e+00 4.904100086922785984e+00 4.152142795069275749e+00 4.765595080089686242e+00 4.727778552724664962e+00 3.092732078818773545e+00 2.958668209635301860e+00
5.920572499843516745e+00 6.009594017710433889e+00 5.865118984389432910e+00 5.965848806995400544e+00 4.672194691972722858e+00 5.476084806514946557e+00 5.610407254523396503e+00 5.876862983956173458e+00 4.914185215635238357e+00 6.028772821881688948e+00 5.636529128958573054e+00 3.392374120490717182e+00 6.323859474520587831e+00 4.179839064413876315e+00 4.152142795069275749e+00 7.740542614955317369e+00 5.747896501451413620e+00 4.427900509991428812e+00 4.671411924885346068e+00 4.356385636911693560e+00
6.115359880063362397e+00 5.874930220297795991e+00 6.082446016493605612e+00 5.276496383706415827e+00 5.676649531389365677e+00 6.063328274536926799e+00 4.710859486434387122e+00 5.886957306529484235e+00 5.584299267974595971e+00 4.947771716569520528e+00 4.602054743819354421e+00 3.064954773399224841e+00 5.422736679818846106e+00 3.184086163188349250e+00 4.765595080089686242e+00 5.747896501451413620e+00 7.421042328572322155e+00 5.041806842493899765e+00 4.717101921326613656e+00 4.447603474818762059e+00
4.917257543593654745e+00 4.821816183156018454e+00 4.817513532200134563e+00 4.503257378621268181e+00 5.059547265236048474e+00 4.811265130999361261e+00 4.782123516945524955e+00 4.754258383425715273e+00 5.685721956765008578e+00 4.696139244999414153e+00 3.804691819256486696e+00 1.957111405308405994e+00 4.457093938016783774e+00 3.741623006631931592e+00 4.727778552724664962e+00 4.427900509991428812e+00 5.041806842493899765e+00 5.678363619077321012e+00 3.911288185708732712e+00 3.952051089655796101e+00
3.954894383448551043e+00 4.829180068849290741e+00 4.217660344858825461e+00 4.517355342574090216e+00 4.385482636624647768e+00 4.295549848095127743e+00 3.956574281991964703e+00 4.563235731047872612e+00 4.655897409229701189e+00 4.227457033969352018e+00 4.242455626085637199e+00 1.570183482148127085e+00 4.636653620524651132e+00 3.371362639812885753e+00 3.092732078818773545e+00 4.671411924885346068e+00 4.717101921326613656e+00 3.911288185708732712e+00 5.058310297031438196e+00 3.821226763333933629e+00
3.710937329791405670e+00 5.550541937486461741e+00 3.864154403671780091e+00 4.094780861634371938e+00 4.411588299692744464e+00 5.608884802457996699e+00 4.783719651946897855e+00 4.689292407903420390e+00 5.255837795758341535e+00 4.639333039343970455e+00 4.140027042077875308e+00 2.368172819838323839e+00 5.065759787302734019e+00 3.229976983217454301e+00 2.958668209635301860e+00 4.356385636911693560e+00 4.447603474818762059e+00 3.952051089655796101e+00 3.821226763333933629e+00 5.682798722671536851e+00
